1833
1954
1838
1947
1832
1949
1833
1838
1721
1722
1719
1832
1954
2070
1959
2062
1953
2067
1954
1959
1838
1895
1947
1953
2070
2183
2076
2175
2071
2180
2070
2076
1959
2011
2062
2071
2183
2292
2189
2281
2184
2289
2183
2189
2076
2125
2175
2184
2292
2397
2298
2383
2293
2394
2292
2298
2189
2287
2281
2293
2397
2498
2404
2484
2398
2495
2397
2404
2298
2390
2383
2398
2498
2595
2504
2578
2499
2592
2498
2504
2404
2489
2484
2499
2595
2688
2601
2668
2596
2685
2595
2601
2504
2586
2578
2596
2688
2777
2694
2757
2689
2774
2688
2694
2601
2675
2668
2689
2777
2862
2783
2839
2778
2859
2777
2783
2694
2763
2757
2778
2862
2943
2868
2917
2863
2940
2862
2868
2783
2847
2839
2863
2943
3020
2949
2994
2944
3017
2943
2949
2868
2924
2917
2944
3020
3093
3026
3064
3021
3090
3020
3026
2949
3000
2994
3021
3093
3162
3099
3130
3094
3159
3093
3099
3026
3072
3064
3094
3162
3227
3168
3195
3163
3224
3162
3168
3099
3137
3130
3163
3227
3288
3234
3256
3228
3285
3227
3234
3168
3201
3195
3228
3288
3346
3295
3338
3289
3341
3288
3295
3234
3262
3256
3289
3346
3399
3351
3391
3345
3395
3346
3351
3295
3318
3338
3345
3399
3447
3404
3438
3398
3444
3399
3404
3351
3372
3391
3398
3447
3492
3454
3480
3448
3489
3447
3454
3404
3421
3438
3448
3492
3533
3499
3520
3493
3530
3492
3499
3454
3487
3480
3493
3533
3570
3539
3555
3534
3567
3533
3539
3499
3526
3520
3534
3570
3603
3576
3586
3571
3600
3570
3576
3539
3561
3555
3571
3603
3632
3610
3616
3604
3629
3603
3610
3576
3593
3586
3604
3632
3657
3638
3651
3633
3654
3632
3638
3610
3621
3616
3633
3657
3678
3663
3670
3658
3675
3657
3663
3638
3647
3651
3658
3678
3695
3683
3687
3679
3692
3678
3683
3663
3667
3670
3679
3695
3708
3699
3700
3696
3704
3695
3699
3683
3685
3687
3696
3708
3717
3709
3711
3710
3713
3708
3709
3699
3703
3700
3710
3717
3718
3715
3720
3716
3719
3717
3715
3709
3712
3711
3716
1721
1838
1723
1724
1720
1722
1721
1723
1601
1602
1603
1720
1838
1959
1841
1897
1839
1895
1838
1841
1723
1725
1724
1839
1959
2076
1962
2014
1960
2011
1959
1962
1841
1902
1897
1960
2076
2189
2079
2127
2077
2125
2076
2079
1962
2019
2014
2077
2189
2298
2192
2236
2190
2287
2189
2192
2079
2132
2127
2190
2298
2404
2301
2392
2299
2390
2298
2301
2192
2241
2236
2299
2404
2504
2405
2491
2403
2489
2404
2405
2301
2344
2392
2403
2504
2601
2507
2588
2505
2586
2504
2507
2405
2446
2491
2505
2601
2694
2604
2678
2602
2675
2601
2604
2507
2590
2588
2602
2694
2783
2697
2765
2695
2763
2694
2697
2604
2681
2678
2695
2783
2868
2786
2849
2784
2847
2783
2786
2697
2769
2765
2784
2868
2949
2870
2929
2869
2924
2868
2870
2786
2853
2849
2869
2949
3026
2952
3003
2950
3000
2949
2952
2870
2932
2929
2950
3026
3099
3028
3075
3027
3072
3026
3028
2952
3007
3003
3027
3099
3168
3102
3142
3100
3137
3099
3102
3028
3079
3075
3100
3168
3234
3170
3204
3169
3201
3168
3170
3102
3146
3142
3169
3234
3295
3236
3265
3233
3262
3234
3236
3170
3208
3204
3233
3295
3351
3296
3322
3294
3318
3295
3296
3236
3270
3265
3294
3351
3404
3354
3374
3352
3372
3351
3354
3296
3325
3322
3352
3404
3454
3407
3424
3405
3421
3404
3407
3354
3379
3374
3405
3454
3499
3456
3468
3453
3487
3454
3456
3407
3428
3424
3453
3499
3539
3501
3528
3498
3526
3499
3501
3456
3471
3468
3498
3539
3576
3542
3563
3540
3561
3539
3542
3501
3513
3528
3540
3576
3610
3579
3596
3577
3593
3576
3579
3542
3550
3563
3577
3610
3638
3611
3623
3609
3621
3610
3611
3579
3598
3596
3609
3638
3663
3640
3649
3639
3647
3638
3640
3611
3626
3623
3639
3663
3683
3665
3669
3664
3667
3663
3665
3640
3650
3649
3664
3683
3699
3682
3686
3684
3685
3683
3682
3665
3671
3669
3684
3699
3709
3697
3701
3698
3703
3699
3697
3682
3688
3686
3698
3709
3715
3707
3714
3706
3712
3709
3707
3697
3702
3701
3706
1601
1723
1608
1609
1600
1602
1601
1608
1490
1491
1492
1600
1723
1841
1734
1731
1726
1725
1723
1734
1608
1610
1609
1726
1841
1962
1844
1906
1840
1902
1841
1844
1734
1732
1731
1840
1962
2079
1966
2022
1961
2019
1962
1966
1844
1911
1906
1961
2079
2192
2082
2134
2078
2132
2079
2082
1966
2027
2022
2078
2192
2301
2195
2244
2191
2241
2192
2195
2082
2139
2134
2191
2301
2405
2304
2348
2300
2344
2301
2304
2195
2248
2244
2300
2405
2507
2410
2448
2406
2446
2405
2410
2304
2351
2348
2406
2507
2604
2510
2545
2506
2590
2507
2510
2410
2453
2448
2506
2604
2697
2607
2683
2603
2681
2604
2607
2510
2550
2545
2603
2697
2786
2700
2770
2696
2769
2697
2700
2607
2641
2683
2696
2786
2870
2790
2855
2785
2853
2786
2790
2700
2731
2770
2785
2870
2952
2874
2933
2871
2932
2870
2874
2790
2857
2855
2871
2952
3028
2956
3009
2951
3007
2952
2956
2874
2936
2933
2951
3028
3102
3032
3081
3029
3079
3028
3032
2956
3012
3009
3029
3102
3170
3105
3149
3101
3146
3102
3105
3032
3084
3081
3101
3170
3236
3174
3210
3171
3208
3170
3174
3105
3151
3149
3171
3236
3296
3239
3272
3235
3270
3236
3239
3174
3214
3210
3235
3296
3354
3300
3328
3297
3325
3296
3300
3239
3275
3272
3297
3354
3407
3357
3381
3353
3379
3354
3357
3300
3331
3328
3353
3407
3456
3411
3430
3406
3428
3407
3411
3357
3385
3381
3406
3456
3501
3459
3474
3455
3471
3456
3459
3411
3434
3430
3455
3501
3542
3504
3515
3500
3513
3501
3504
3459
3477
3474
3500
3542
3579
3545
3552
3541
3550
3542
3545
3504
3518
3515
3541
3579
3611
3582
3585
3578
3598
3579
3582
3545
3554
3552
3578
3611
3640
3615
3627
3612
3626
3611
3615
3582
3588
3585
3612
3640
3665
3641
3652
3642
3650
3640
3641
3615
3617
3627
3642
3665
3682
3662
3672
3661
3671
3665
3662
3641
3643
3652
3661
3682
3697
3681
3689
3680
3688
3682
3681
3662
3673
3672
3680
3697
3707
3693
3705
3694
3702
3697
3693
3681
3690
3689
3694
1490
1608
1497
1500
1489
1491
1490
1497
1382
1383
1384
1489
1608
1734
1619
1616
1611
1610
1608
1619
1497
1498
1500
1611
1734
1844
1739
1740
1733
1732
1734
1739
1619
1617
1616
1733
1844
1966
1849
1913
1845
1911
1844
1849
1739
1741
1740
1845
1966
2082
1969
2030
1965
2027
1966
1969
1849
1919
1913
1965
2082
2195
2086
2141
2083
2139
2082
2086
1969
2033
2030
2083
2195
2304
2199
2252
2196
2248
2195
2199
2086
2146
2141
2196
2304
2410
2308
2354
2305
2351
2304
2308
2199
2256
2252
2305
2410
2510
2413
2455
2409
2453
2410
2413
2308
2358
2354
2409
2510
2607
2515
2552
2511
2550
2510
2515
2413
2461
2455
2511
2607
2700
2612
2644
2608
2641
2607
2612
2515
2557
2552
2608
2700
2790
2704
2733
2701
2731
2700
2704
2612
2649
2644
2701
2790
2874
2793
2818
2789
2857
2790
2793
2704
2737
2733
2789
2874
2956
2878
2938
2875
2936
2874
2878
2793
2822
2818
2875
2956
3032
2960
3013
2955
3012
2956
2960
2878
2902
2938
2955
3032
3105
3037
3086
3033
3084
3032
3037
2960
2980
3013
3033
3105
3174
3110
3152
3106
3151
3105
3110
3037
3088
3086
3106
3174
3239
3179
3216
3175
3214
3174
3179
3110
3155
3152
3175
3239
3300
3243
3277
3240
3275
3239
3243
3179
3219
3216
3240
3300
3357
3304
3334
3301
3331
3300
3304
3243
3280
3277
3301
3357
3411
3361
3386
3358
3385
3357
3361
3304
3336
3334
3358
3411
3459
3414
3436
3410
3434
3411
3414
3361
3389
3386
3410
3459
3504
3463
3479
3460
3477
3459
3463
3414
3437
3436
3460
3504
3545
3509
3519
3505
3518
3504
3509
3463
3483
3479
3505
3545
3582
3549
3556
3546
3554
3545
3549
3509
3522
3519
3546
3582
3615
3583
3589
3584
3588
3582
3583
3549
3558
3556
3584
3615
3641
3613
3618
3614
3617
3615
3613
3583
3591
3589
3614
3641
3662
3637
3644
3636
3643
3641
3637
3613
3619
3618
3636
3662
3681
3660
3666
3659
3673
3662
3660
3637
3646
3644
3659
3681
3693
3677
3691
3676
3690
3681
3677
3660
3668
3666
3676
1382
1497
1390
1393
1385
1383
1382
1390
1279
1280
1281
1385
1497
1619
1505
1506
1499
1498
1497
1505
1390
1391
1393
1499
1619
1739
1624
1625
1618
1617
1619
1624
1505
1507
1506
1618
1739
1849
1747
1748
1742
1741
1739
1747
1624
1626
1625
1742
1849
1969
1853
1921
1848
1919
1849
1853
1747
1749
1748
1848
1969
2086
1974
2037
1970
2033
1969
1974
1853
1925
1921
1970
2086
2199
2090
2149
2087
2146
2086
2090
1974
2040
2037
2087
2199
2308
2204
2259
2200
2256
2199
2204
2090
2153
2149
2200
2308
2413
2313
2363
2309
2358
2308
2313
2204
2263
2259
2309
2413
2515
2418
2463
2414
2461
2413
2418
2313
2366
2363
2414
2515
2612
2518
2560
2514
2557
2515
2518
2418
2467
2463
2514
2612
2704
2616
2652
2611
2649
2612
2616
2518
2564
2560
2611
2704
2793
2709
2739
2705
2737
2704
2709
2616
2655
2652
2705
2793
2878
2798
2824
2794
2822
2793
2798
2709
2744
2739
2794
2878
2960
2882
2907
2879
2902
2878
2882
2798
2829
2824
2879
2960
3037
2964
2982
2959
2980
2960
2964
2882
2910
2907
2959
3037
3110
3041
3055
3036
3088
3037
3041
2964
2986
2982
3036
3110
3179
3113
3157
3109
3155
3110
3113
3041
3060
3055
3109
3179
3243
3183
3220
3178
3219
3179
3183
3113
3127
3157
3178
3243
3304
3248
3282
3244
3280
3243
3248
3183
3193
3220
3244
3304
3361
3308
3337
3305
3336
3304
3308
3248
3283
3282
3305
3361
3414
3365
3390
3362
3389
3361
3365
3308
3339
3337
3362
3414
3463
3419
3439
3415
3437
3414
3419
3365
3392
3390
3415
3463
3509
3466
3484
3464
3483
3463
3466
3419
3440
3439
3464
3509
3549
3510
3523
3508
3522
3509
3510
3466
3485
3484
3508
3549
3583
3547
3559
3548
3558
3549
3547
3510
3524
3523
3548
3583
3613
3580
3592
3581
3591
3583
3580
3547
3560
3559
3581
3613
3637
3608
3620
3607
3619
3613
3608
3580
3594
3592
3607
3637
3660
3634
3648
3635
3646
3637
3634
3608
3622
3620
3635
3660
3677
3656
3674
3655
3668
3660
3656
3634
3645
3648
3655
1279
1390
1296
1297
1282
1280
1279
1296
1188
1189
1190
1282
1390
1505
1409
1406
1392
1391
1390
1409
1296
1298
1297
1392
1505
1624
1521
1522
1508
1507
1505
1521
1409
1407
1406
1508
1624
1747
1641
1640
1627
1626
1624
1641
1521
1523
1522
1627
1747
1853
1766
1764
1750
1749
1747
1766
1641
1642
1640
1750
1853
1974
1861
1927
1852
1925
1853
1861
1766
1765
1764
1852
1974
2090
1981
2042
1973
2040
1974
1981
1861
1929
1927
1973
2090
2204
2098
2155
2091
2153
2090
2098
1981
2045
2042
2091
2204
2313
2212
2264
2203
2263
2204
2212
2098
2158
2155
2203
2313
2418
2321
2368
2312
2366
2313
2321
2212
2268
2264
2312
2418
2518
2426
2469
2417
2467
2418
2426
2321
2370
2368
2417
2518
2616
2527
2566
2519
2564
2518
2527
2426
2472
2469
2519
2616
2709
2624
2658
2615
2655
2616
2624
2527
2569
2566
2615
2709
2798
2717
2746
2708
2744
2709
2717
2624
2661
2658
2708
2798
2882
2805
2831
2797
2829
2798
2805
2717
2749
2746
2797
2882
2964
2891
2913
2883
2910
2882
2891
2805
2834
2831
2883
2964
3041
2971
2988
2963
2986
2964
2971
2891
2915
2913
2963
3041
3113
3048
3062
3040
3060
3041
3048
2971
2991
2988
3040
3113
3183
3122
3129
3114
3127
3113
3122
3048
3063
3062
3114
3183
3248
3190
3194
3182
3193
3183
3190
3122
3132
3129
3182
3248
3308
3255
3257
3247
3283
3248
3255
3190
3196
3194
3247
3308
3365
3314
3340
3309
3339
3308
3314
3255
3259
3257
3309
3365
3419
3369
3393
3366
3392
3365
3369
3314
3315
3340
3366
3419
3466
3420
3441
3418
3440
3419
3420
3369
3370
3393
3418
3466
3510
3465
3486
3467
3485
3466
3465
3420
3442
3441
3467
3510
3547
3506
3525
3507
3524
3510
3506
3465
3482
3486
3507
3547
3580
3543
3562
3544
3560
3547
3543
3506
3527
3525
3544
3580
3608
3575
3595
3574
3594
3580
3575
3543
3564
3562
3574
3608
3634
3606
3624
3605
3622
3608
3606
3575
3590
3595
3605
3634
3656
3631
3653
3630
3645
3634
3631
3606
3625
3624
3630
1188
1296
1197
1198
1191
1189
1188
1197
1093
1094
1095
1191
1296
1409
1306
1303
1295
1298
1296
1306
1197
1199
1198
1295
1409
1521
1414
1415
1408
1407
1409
1414
1306
1304
1303
1408
1521
1641
1532
1529
1524
1523
1521
1532
1414
1416
1415
1524
1641
1766
1651
1649
1643
1642
1641
1651
1532
1530
1529
1643
1766
1861
1774
1773
1763
1765
1766
1774
1651
1650
1649
1763
1861
1981
1864
1931
1860
1929
1861
1864
1774
1771
1773
1860
1981
2098
1986
2048
1982
2045
1981
1986
1864
1934
1931
1982
2098
2212
2103
2159
2099
2158
2098
2103
1986
2051
2048
2099
2212
2321
2215
2270
2211
2268
2212
2215
2103
2163
2159
2211
2321
2426
2325
2372
2320
2370
2321
2325
2215
2272
2270
2320
2426
2527
2430
2474
2425
2472
2426
2430
2325
2375
2372
2425
2527
2624
2531
2570
2526
2569
2527
2531
2430
2477
2474
2526
2624
2717
2627
2663
2623
2661
2624
2627
2531
2574
2570
2623
2717
2805
2720
2751
2716
2749
2717
2720
2627
2665
2663
2716
2805
2891
2810
2836
2806
2834
2805
2810
2720
2754
2751
2806
2891
2971
2895
2916
2890
2915
2891
2895
2810
2838
2836
2890
2971
3048
2975
2992
2972
2991
2971
2975
2895
2919
2916
2972
3048
3122
3052
3066
3049
3063
3048
3052
2975
2995
2992
3049
3122
3190
3125
3134
3121
3132
3122
3125
3052
3067
3066
3121
3190
3255
3191
3197
3192
3196
3190
3191
3125
3135
3134
3192
3255
3314
3253
3260
3254
3259
3255
3253
3191
3199
3197
3254
3314
3369
3312
3316
3313
3315
3314
3312
3253
3261
3260
3313
3369
3420
3368
3371
3367
3370
3369
3368
3312
3319
3316
3367
3420
3465
3416
3422
3417
3442
3420
3416
3368
3373
3371
3417
3465
3506
3461
3481
3462
3482
3465
3461
3416
3425
3422
3462
3506
3543
3503
3521
3502
3527
3506
3503
3461
3469
3481
3502
3543
3575
3537
3557
3538
3564
3543
3537
3503
3511
3521
3538
3575
3606
3572
3597
3573
3590
3575
3572
3537
3565
3557
3573
3606
3631
3601
3628
3602
3625
3606
3601
3572
3587
3597
3602
1093
1197
1097
1098
1096
1094
1093
1097
998
999
1000
1096
1197
1306
1202
1203
1196
1199
1197
1202
1097
1099
1098
1196
1306
1414
1307
1308
1305
1304
1306
1307
1202
1200
1203
1305
1414
1532
1418
1419
1417
1416
1414
1418
1307
1309
1308
1417
1532
1651
1536
1534
1531
1530
1532
1536
1418
1420
1419
1531
1651
1774
1655
1652
1648
1650
1651
1655
1536
1533
1534
1648
1774
1864
1775
1778
1772
1771
1774
1775
1655
1654
1652
1772
1864
1986
1866
1936
1865
1934
1864
1866
1775
1777
1778
1865
1986
2103
1987
2052
1985
2051
1986
1987
1866
1938
1936
1985
2103
2215
2105
2165
2102
2163
2103
2105
1987
2055
2052
2102
2215
2325
2217
2274
2216
2272
2215
2217
2105
2168
2165
2216
2325
2430
2326
2378
2324
2375
2325
2326
2217
2277
2274
2324
2430
2531
2432
2478
2429
2477
2430
2432
2326
2381
2378
2429
2531
2627
2532
2576
2530
2574
2531
2532
2432
2481
2478
2530
2627
2720
2629
2667
2628
2665
2627
2629
2532
2577
2576
2628
2720
2810
2722
2755
2721
2754
2720
2722
2629
2670
2667
2721
2810
2895
2811
2841
2809
2838
2810
2811
2722
2758
2755
2809
2895
2975
2896
2921
2894
2919
2895
2896
2811
2842
2841
2894
2975
3052
2977
2996
2976
2995
2975
2977
2896
2922
2921
2976
3052
3125
3054
3070
3053
3067
3052
3054
2977
2998
2996
3053
3125
3191
3123
3136
3124
3135
3125
3123
3054
3071
3070
3124
3191
3253
3189
3200
3188
3199
3191
3189
3123
3138
3136
3188
3253
3312
3251
3264
3252
3261
3253
3251
3189
3202
3200
3252
3312
3368
3310
3321
3311
3319
3312
3310
3251
3266
3264
3311
3368
3416
3364
3376
3363
3373
3368
3364
3310
3323
3321
3363
3416
3461
3413
3426
3412
3425
3416
3413
3364
3377
3376
3412
3461
3503
3457
3470
3458
3469
3461
3457
3413
3427
3426
3458
3503
3537
3497
3512
3496
3511
3503
3497
3457
3472
3470
3496
3537
3572
3536
3551
3535
3565
3537
3536
3497
3514
3512
3535
3572
3601
3569
3599
3568
3587
3572
3569
3536
3553
3551
3568
998
1097
1002
1003
1001
999
998
1002
907
908
909
1001
1097
1202
1103
1104
1100
1099
1097
1103
1002
1004
1003
1100
1202
1307
1204
1205
1201
1200
1202
1204
1103
1101
1104
1201
1307
1418
1314
1311
1310
1309
1307
1314
1204
1206
1205
1310
1418
1536
1425
1422
1421
1420
1418
1425
1314
1312
1311
1421
1536
1655
1540
1538
1535
1533
1536
1540
1425
1423
1422
1535
1655
1775
1656
1658
1653
1654
1655
1656
1540
1539
1538
1653
1775
1866
1780
1779
1776
1777
1775
1780
1656
1657
1658
1776
1866
1987
1868
1939
1867
1938
1866
1868
1780
1781
1779
1867
1987
2105
1989
2057
1988
2055
1987
1989
1868
1943
1939
1988
2105
2217
2106
2169
2104
2168
2105
2106
1989
2059
2057
2104
2217
2326
2219
2279
2218
2277
2217
2219
2106
2172
2169
2218
2326
2432
2328
2382
2327
2381
2326
2328
2219
2280
2279
2327
2432
2532
2434
2482
2431
2481
2432
2434
2328
2385
2382
2431
2532
2629
2534
2580
2533
2577
2532
2534
2434
2485
2482
2533
2629
2722
2631
2672
2630
2670
2629
2631
2534
2581
2580
2630
2722
2811
2725
2759
2723
2758
2722
2725
2631
2673
2672
2723
2811
2896
2813
2845
2812
2842
2811
2813
2725
2761
2759
2812
2896
2977
2898
2923
2897
2922
2896
2898
2813
2846
2845
2897
2977
3054
2979
2999
2978
2998
2977
2979
2898
2925
2923
2978
3054
3123
3051
3073
3050
3071
3054
3051
2979
3001
2999
3050
3123
3189
3119
3141
3120
3138
3123
3119
3051
3076
3073
3120
3189
3251
3187
3205
3186
3202
3189
3187
3119
3144
3141
3186
3251
3310
3250
3267
3249
3266
3251
3250
3187
3206
3205
3249
3310
3364
3307
3324
3306
3323
3310
3307
3250
3268
3267
3306
3364
3413
3359
3378
3360
3377
3364
3359
3307
3326
3324
3360
3413
3457
3409
3429
3408
3427
3413
3409
3359
3380
3378
3408
3457
3497
3451
3473
3452
3472
3457
3451
3409
3431
3429
3452
3497
3536
3494
3516
3495
3514
3497
3494
3451
3475
3473
3495
3536
3569
3532
3566
3531
3553
3536
3532
3494
3517
3516
3531
907
1002
927
928
910
908
907
927
836
837
838
910
1002
1103
1023
1024
1005
1004
1002
1023
927
929
928
1005
1103
1204
1122
1121
1102
1101
1103
1122
1023
1025
1024
1102
1204
1314
1227
1225
1207
1206
1204
1227
1122
1123
1121
1207
1314
1425
1333
1334
1313
1312
1314
1333
1227
1224
1225
1313
1425
1540
1445
1443
1424
1423
1425
1445
1333
1331
1334
1424
1540
1656
1557
1558
1537
1539
1540
1557
1445
1442
1443
1537
1656
1780
1677
1679
1659
1657
1656
1677
1557
1559
1558
1659
1780
1868
1800
1799
1782
1781
1780
1800
1677
1678
1679
1782
1868
1989
1878
1945
1869
1943
1868
1878
1800
1801
1799
1869
1989
2106
2000
2061
1990
2059
1989
2000
1878
1946
1945
1990
2106
2219
2117
2173
2107
2172
2106
2117
2000
2063
2061
2107
2219
2328
2230
2283
2220
2280
2219
2230
2117
2176
2173
2220
2328
2434
2339
2387
2329
2385
2328
2339
2230
2284
2283
2329
2434
2534
2444
2486
2433
2485
2434
2444
2339
2388
2387
2433
2534
2631
2544
2584
2535
2581
2534
2544
2444
2487
2486
2535
2631
2725
2639
2674
2632
2673
2631
2639
2544
2585
2584
2632
2725
2813
2730
2762
2724
2761
2725
2730
2639
2676
2674
2724
2813
2898
2817
2848
2814
2846
2813
2817
2730
2764
2762
2814
2898
2979
2899
2928
2900
2925
2898
2899
2817
2850
2848
2900
2979
3051
2974
3004
2973
3001
2979
2974
2899
2930
2928
2973
3051
3119
3046
3077
3047
3076
3051
3046
2974
3005
3004
3047
3119
3187
3117
3145
3118
3144
3119
3117
3046
3078
3077
3118
3187
3250
3184
3207
3185
3206
3187
3184
3117
3147
3145
3185
3250
3307
3245
3271
3246
3268
3250
3245
3184
3209
3207
3246
3307
3359
3303
3327
3302
3326
3307
3303
3245
3273
3271
3302
3359
3409
3355
3382
3356
3380
3359
3355
3303
3329
3327
3356
3409
3451
3402
3432
3403
3431
3409
3402
3355
3383
3382
3403
3451
3494
3450
3476
3449
3475
3451
3450
3402
3433
3432
3449
3494
3532
3491
3529
3490
3517
3494
3491
3450
3478
3476
3490
836
927
844
845
839
837
836
844
757
758
759
839
927
1023
936
937
930
929
927
936
844
846
845
930
1023
1122
1033
1030
1022
1025
1023
1033
936
938
937
1022
1122
1227
1131
1130
1124
1123
1122
1131
1033
1031
1030
1124
1227
1333
1233
1232
1226
1224
1227
1233
1131
1129
1130
1226
1333
1445
1342
1339
1332
1331
1333
1342
1233
1235
1232
1332
1445
1557
1451
1450
1444
1442
1445
1451
1342
1340
1339
1444
1557
1677
1565
1566
1560
1559
1557
1565
1451
1452
1450
1560
1677
1800
1684
1685
1676
1678
1677
1684
1565
1567
1566
1676
1800
1878
1809
1808
1802
1801
1800
1809
1684
1686
1685
1802
1878
2000
1883
1948
1879
1946
1878
1883
1809
1810
1808
1879
2000
2117
2003
2064
1999
2063
2000
2003
1883
1891
1948
1999
2117
2230
2120
2177
2116
2176
2117
2120
2003
2065
2064
2116
2230
2339
2234
2285
2229
2284
2230
2234
2120
2178
2177
2229
2339
2444
2341
2389
2338
2388
2339
2341
2234
2286
2285
2338
2444
2544
2445
2488
2443
2487
2444
2445
2341
2391
2389
2443
2544
2639
2542
2587
2543
2585
2544
2542
2445
2490
2488
2543
2639
2730
2638
2677
2637
2676
2639
2638
2542
2583
2587
2637
2730
2817
2729
2766
2728
2764
2730
2729
2638
2679
2677
2728
2817
2899
2816
2851
2815
2850
2817
2816
2729
2767
2766
2815
2899
2974
2892
2931
2893
2930
2899
2892
2816
2852
2851
2893
2974
3046
2970
3006
2969
3005
2974
2970
2892
2927
2931
2969
3046
3117
3045
3080
3044
3078
3046
3045
2970
3008
3006
3044
3117
3184
3116
3148
3115
3147
3117
3116
3045
3082
3080
3115
3184
3245
3181
3211
3180
3209
3184
3181
3116
3143
3148
3180
3245
3303
3242
3269
3241
3273
3245
3242
3181
3212
3211
3241
3303
3355
3298
3330
3299
3329
3303
3298
3242
3274
3269
3299
3355
3402
3350
3384
3349
3383
3355
3350
3298
3332
3330
3349
3402
3450
3401
3435
3400
3433
3402
3401
3350
3375
3384
3400
3450
3491
3446
3488
3445
3478
3450
3446
3401
3423
3435
3445
757
844
761
762
760
758
757
761
678
679
680
760
844
936
848
849
847
846
844
848
761
763
762
847
936
1033
940
942
935
938
936
940
848
850
849
935
1033
1131
1036
1034
1032
1031
1033
1036
940
939
942
1032
1131
1233
1134
1136
1132
1129
1131
1134
1036
1035
1034
1132
1233
1342
1239
1238
1234
1235
1233
1239
1134
1135
1136
1234
1342
1451
1343
1344
1341
1340
1342
1343
1239
1236
1238
1341
1451
1565
1454
1457
1453
1452
1451
1454
1343
1345
1344
1453
1565
1684
1570
1572
1568
1567
1565
1570
1454
1456
1457
1568
1684
1809
1690
1689
1687
1686
1684
1690
1570
1571
1572
1687
1809
1883
1812
1813
1807
1810
1809
1812
1690
1691
1689
1807
1883
2003
1885
1892
1882
1891
1883
1885
1812
1814
1813
1882
2003
2120
2006
2010
2004
2065
2003
2006
1885
1894
1892
2004
2120
2234
2122
2174
2121
2178
2120
2122
2006
2012
2010
2121
2234
2341
2235
2282
2233
2286
2234
2235
2122
2126
2174
2233
2341
2445
2340
2386
2342
2391
2341
2340
2235
2237
2282
2342
2445
2542
2441
2492
2442
2490
2445
2441
2340
2384
2386
2442
2542
2638
2541
2582
2540
2583
2542
2541
2441
2493
2492
2540
2638
2729
2636
2680
2635
2679
2638
2636
2541
2589
2582
2635
2729
2816
2726
2768
2727
2767
2729
2726
2636
2682
2680
2727
2816
2892
2808
2854
2807
2852
2816
2808
2726
2760
2768
2807
2892
2970
2889
2926
2888
2927
2892
2889
2808
2844
2854
2888
2970
3045
2968
3002
2967
3008
2970
2968
2889
2934
2926
2967
3045
3116
3043
3074
3042
3082
3045
3043
2968
3010
3002
3042
3116
3181
3112
3150
3111
3143
3116
3112
3043
3083
3074
3111
3181
3242
3176
3213
3177
3212
3181
3176
3112
3140
3150
3177
3242
3298
3238
3276
3237
3274
3242
3238
3176
3215
3213
3237
3298
3350
3292
3333
3293
3332
3298
3292
3238
3278
3276
3293
3350
3401
3348
3387
3347
3375
3350
3348
3292
3320
3333
3347
3401
3446
3397
3443
3396
3423
3401
3397
3348
3388
3387
3396
678
761
686
687
681
679
678
686
607
608
609
681
761
848
769
770
764
763
761
769
686
688
687
764
848
940
857
859
851
850
848
857
769
771
770
851
940
1036
950
947
941
939
940
950
857
856
859
941
1036
1134
1045
1044
1037
1035
1036
1045
950
948
947
1037
1134
1239
1144
1141
1133
1135
1134
1144
1045
1043
1044
1133
1239
1343
1244
1245
1237
1236
1239
1244
1144
1142
1141
1237
1343
1454
1351
1352
1346
1345
1343
1351
1244
1246
1245
1346
1454
1570
1463
1464
1455
1456
1454
1463
1351
1353
1352
1455
1570
1690
1578
1580
1569
1571
1570
1578
1463
1465
1464
1569
1690
1812
1698
1699
1688
1691
1690
1698
1578
1579
1580
1688
1812
1885
1819
1821
1811
1814
1812
1819
1698
1696
1699
1811
1885
2006
1888
1896
1884
1894
1885
1888
1819
1820
1821
1884
2006
2122
2009
2013
2005
2012
2006
2009
1888
1898
1896
2005
2122
2235
2123
2128
2124
2126
2122
2123
2009
2016
2013
2124
2235
2340
2232
2239
2231
2237
2235
2232
2123
2129
2128
2231
2340
2441
2336
2343
2337
2384
2340
2336
2232
2240
2239
2337
2441
2541
2439
2483
2440
2493
2441
2439
2336
2346
2343
2440
2541
2636
2539
2579
2538
2589
2541
2539
2439
2447
2483
2538
2636
2726
2633
2671
2634
2682
2636
2633
2539
2546
2579
2634
2726
2808
2718
2771
2719
2760
2726
2718
2633
2669
2671
2719
2808
2889
2803
2843
2804
2844
2808
2803
2718
2772
2771
2804
2889
2968
2887
2935
2886
2934
2889
2887
2803
2856
2843
2886
2968
3043
2965
3011
2966
3010
2968
2965
2887
2937
2935
2966
3043
3112
3039
3085
3038
3083
3043
3039
2965
2997
3011
3038
3112
3176
3108
3139
3107
3140
3112
3108
3039
3069
3085
3107
3176
3238
3172
3203
3173
3215
3176
3172
3108
3153
3139
3173
3238
3292
3232
3263
3231
3278
3238
3232
3172
3217
3203
3231
3292
3348
3291
3335
3290
3320
3292
3291
3232
3279
3263
3290
3348
3397
3344
3394
3343
3388
3348
3344
3291
3317
3335
3343
607
686
627
628
610
608
607
627
552
553
554
610
686
769
706
709
689
688
686
706
627
629
628
689
769
857
792
790
772
771
769
792
706
708
709
772
857
950
879
876
858
856
857
879
792
789
790
858
950
1045
970
968
949
948
950
970
879
877
876
949
1045
1144
1062
1065
1042
1043
1045
1062
970
967
968
1042
1144
1244
1164
1162
1143
1142
1144
1164
1062
1064
1065
1143
1244
1351
1264
1265
1247
1246
1244
1264
1164
1161
1162
1247
1351
1463
1373
1371
1354
1353
1351
1373
1264
1266
1265
1354
1463
1578
1484
1482
1462
1465
1463
1484
1373
1376
1371
1462
1578
1698
1594
1593
1577
1579
1578
1594
1484
1481
1482
1577
1698
1819
1710
1707
1697
1696
1698
1710
1594
1595
1593
1697
1819
1888
1827
1829
1822
1820
1819
1827
1710
1704
1707
1822
1888
2009
1889
1899
1890
1898
1888
1889
1827
1828
1829
1890
2009
2123
2008
2018
2007
2016
2009
2008
1889
1900
1899
2007
2123
2232
2119
2131
2118
2129
2123
2119
2008
2020
2018
2118
2232
2336
2228
2242
2227
2240
2232
2228
2119
2133
2131
2227
2336
2439
2335
2347
2334
2346
2336
2335
2228
2245
2242
2334
2439
2539
2437
2449
2438
2447
2439
2437
2335
2349
2347
2438
2539
2633
2537
2548
2536
2546
2539
2537
2437
2450
2449
2536
2633
2718
2625
2640
2626
2669
2633
2625
2537
2549
2548
2626
2718
2803
2715
2756
2714
2772
2718
2715
2625
2642
2640
2714
2803
2887
2802
2840
2801
2856
2803
2802
2715
2732
2756
2801
2887
2965
2885
2920
2884
2937
2887
2885
2802
2819
2840
2884
2965
3039
2962
3014
2961
2997
2965
2962
2885
2918
2920
2961
3039
3108
3035
3068
3034
3069
3039
3035
2962
3015
3014
3034
3108
3172
3104
3154
3103
3153
3108
3104
3035
3087
3068
3103
3172
3232
3166
3218
3167
3217
3172
3166
3104
3156
3154
3167
3232
3291
3230
3281
3229
3279
3232
3230
3166
3198
3218
3229
3291
3344
3287
3342
3286
3317
3291
3287
3230
3258
3281
3286
552
627
560
561
555
553
552
560
492
489
490
555
627
706
638
635
630
629
627
638
560
562
561
630
706
792
716
717
707
708
706
716
638
637
635
707
792
879
799
800
791
789
792
799
716
714
717
791
879
970
887
884
878
877
879
887
799
797
800
878
970
1062
976
977
969
967
970
976
887
885
884
969
1062
1164
1073
1071
1063
1064
1062
1073
976
978
977
1063
1164
1264
1172
1174
1163
1161
1164
1172
1073
1070
1071
1163
1264
1373
1273
1274
1267
1266
1264
1273
1172
1171
1174
1267
1373
1484
1374
1372
1375
1376
1373
1374
1273
1272
1274
1375
1484
1594
1483
1478
1480
1481
1484
1483
1374
1377
1372
1480
1594
1710
1592
1589
1591
1595
1594
1592
1483
1479
1478
1591
1710
1827
1705
1708
1709
1704
1710
1705
1592
1590
1589
1709
1827
1889
1824
1826
1825
1828
1827
1824
1705
1706
1708
1825
1889
2008
1886
1903
1887
1900
1889
1886
1824
1823
1826
1887
2008
2119
2001
2021
2002
2020
2008
2001
1886
1907
1903
2002
2119
2228
2115
2136
2114
2133
2119
2115
2001
2025
2021
2114
2228
2335
2225
2246
2226
2245
2228
2225
2115
2137
2136
2226
2335
2437
2333
2350
2332
2349
2335
2333
2225
2247
2246
2332
2437
2537
2435
2452
2436
2450
2437
2435
2333
2352
2350
2436
2537
2625
2528
2551
2529
2549
2537
2528
2435
2454
2452
2529
2625
2715
2622
2643
2621
2642
2625
2622
2528
2553
2551
2621
2715
2802
2713
2734
2712
2732
2715
2713
2622
2646
2643
2712
2802
2885
2799
2820
2800
2819
2802
2799
2713
2735
2734
2800
2885
2962
2881
2901
2880
2918
2885
2881
2799
2821
2820
2880
2962
3035
2957
2993
2958
3015
2962
2957
2881
2904
2901
2958
3035
3104
3030
3065
3031
3087
3035
3030
2957
2981
2993
3031
3104
3166
3097
3133
3098
3156
3104
3097
3030
3056
3065
3098
3166
3230
3164
3221
3165
3198
3166
3164
3097
3131
3133
3165
3230
3287
3225
3284
3226
3258
3230
3225
3164
3222
3221
3226
492
560
497
498
491
489
492
497
433
430
431
491
560
638
571
568
563
562
560
571
497
499
498
563
638
716
644
646
636
637
638
644
571
569
568
636
716
799
724
725
715
714
716
724
644
645
646
715
799
887
807
805
798
797
799
807
724
723
725
798
887
976
894
895
886
885
887
894
807
806
805
886
976
1073
985
986
975
978
976
985
894
892
895
975
1073
1172
1078
1077
1072
1070
1073
1078
985
984
986
1072
1172
1273
1175
1170
1173
1171
1172
1175
1078
1074
1077
1173
1273
1374
1271
1270
1269
1272
1273
1271
1175
1169
1170
1269
1374
1483
1369
1367
1370
1377
1374
1369
1271
1268
1270
1370
1483
1592
1476
1477
1475
1479
1483
1476
1369
1368
1367
1475
1592
1705
1586
1588
1587
1590
1592
1586
1476
1474
1477
1587
1705
1824
1700
1701
1702
1706
1705
1700
1586
1585
1588
1702
1824
1886
1815
1816
1817
1823
1824
1815
1700
1703
1701
1817
1886
2001
1880
1908
1881
1907
1886
1880
1815
1818
1816
1881
2001
2115
1997
2026
1998
2025
2001
1997
1880
1909
1908
1998
2115
2225
2112
2138
2113
2137
2115
2112
1997
2028
2026
2113
2225
2333
2224
2251
2223
2247
2225
2224
2112
2140
2138
2223
2333
2435
2330
2353
2331
2352
2333
2330
2224
2253
2251
2331
2435
2528
2427
2457
2428
2454
2435
2427
2330
2355
2353
2428
2528
2622
2525
2554
2524
2553
2528
2525
2427
2458
2457
2524
2622
2713
2620
2648
2619
2646
2622
2620
2525
2556
2554
2619
2713
2799
2711
2736
2710
2735
2713
2711
2620
2650
2648
2710
2799
2881
2795
2823
2796
2821
2799
2795
2711
2738
2736
2796
2881
2957
2876
2905
2877
2904
2881
2876
2795
2826
2823
2877
2957
3030
2954
2983
2953
2981
2957
2954
2876
2908
2905
2953
3030
3097
3025
3058
3024
3056
3030
3025
2954
2984
2983
3024
3097
3164
3096
3126
3095
3131
3097
3096
3025
3059
3058
3095
3164
3225
3161
3223
3160
3222
3164
3161
3096
3128
3126
3160
433
497
436
434
432
430
433
436
373
374
371
432
497
571
504
501
500
499
497
504
436
435
434
500
571
644
573
574
570
569
571
573
504
502
501
570
644
724
649
648
643
645
644
649
573
575
574
643
724
807
729
728
722
723
724
729
649
647
648
722
807
894
810
809
808
806
807
810
729
726
728
808
894
985
896
901
893
892
894
896
810
811
809
893
985
1078
988
987
983
984
985
988
896
899
901
983
1078
1175
1076
1075
1080
1074
1078
1076
988
989
987
1080
1175
1271
1166
1167
1165
1169
1175
1166
1076
1079
1075
1165
1271
1369
1263
1261
1260
1268
1271
1263
1166
1168
1167
1260
1369
1476
1363
1365
1366
1368
1369
1363
1263
1262
1261
1366
1476
1586
1470
1472
1471
1474
1476
1470
1363
1364
1365
1471
1586
1700
1581
1583
1582
1585
1586
1581
1470
1473
1472
1582
1700
1815
1692
1693
1694
1703
1700
1692
1581
1584
1583
1694
1815
1880
1803
1806
1804
1818
1815
1803
1692
1695
1693
1804
1880
1997
1876
1912
1877
1909
1880
1876
1803
1805
1806
1877
1997
2112
1995
2029
1996
2028
1997
1995
1876
1914
1912
1996
2112
2224
2111
2143
2110
2140
2112
2111
1995
2031
2029
2110
2224
2330
2221
2254
2222
2253
2224
2221
2111
2144
2143
2222
2330
2427
2322
2357
2323
2355
2330
2322
2221
2255
2254
2323
2427
2525
2424
2460
2423
2458
2427
2424
2322
2359
2357
2423
2525
2620
2522
2559
2523
2556
2525
2522
2424
2462
2460
2523
2620
2711
2617
2651
2618
2650
2620
2617
2522
2561
2559
2618
2711
2795
2706
2740
2707
2738
2711
2706
2617
2653
2651
2707
2795
2876
2791
2827
2792
2826
2795
2791
2706
2742
2740
2792
2876
2954
2872
2909
2873
2908
2876
2872
2791
2828
2827
2873
2954
3025
2948
2985
2947
2984
2954
2948
2872
2911
2909
2947
3025
3096
3022
3061
3023
3059
3025
3022
2948
2987
2985
3023
3096
3161
3092
3158
3091
3128
3096
3092
3022
3057
3061
3091
373
436
378
375
372
374
373
378
317
318
319
372
436
504
441
438
437
435
436
441
378
376
375
437
504
573
506
508
503
502
504
506
441
439
438
503
573
649
577
579
572
575
573
577
506
507
508
572
649
729
653
654
650
647
649
653
577
578
579
650
729
810
731
730
727
726
729
731
653
651
654
727
810
896
814
816
812
811
810
814
731
733
730
812
896
988
900
898
897
899
896
900
814
818
816
897
988
1076
980
981
982
989
988
980
900
902
898
982
1076
1166
1069
1068
1066
1079
1076
1069
980
979
981
1066
1166
1263
1160
1159
1157
1168
1166
1160
1069
1067
1068
1157
1263
1363
1257
1259
1258
1262
1263
1257
1160
1158
1159
1258
1363
1470
1362
1359
1360
1364
1363
1362
1257
1256
1259
1360
1470
1581
1469
1466
1468
1473
1470
1469
1362
1361
1359
1468
1581
1692
1573
1576
1575
1584
1581
1573
1469
1467
1466
1575
1692
1803
1680
1683
1681
1695
1692
1680
1573
1574
1576
1681
1803
1876
1796
1795
1797
1805
1803
1796
1680
1682
1683
1797
1876
1995
1874
1915
1875
1914
1876
1874
1796
1798
1795
1875
1995
2111
1994
2032
1993
2031
1995
1994
1874
1918
1915
1993
2111
2221
2109
2145
2108
2144
2111
2109
1994
2034
2032
2108
2221
2322
2214
2257
2213
2255
2221
2214
2109
2148
2145
2213
2322
2424
2319
2361
2318
2359
2322
2319
2214
2260
2257
2318
2424
2522
2422
2464
2421
2462
2424
2422
2319
2364
2361
2421
2522
2617
2520
2562
2521
2561
2522
2520
2422
2465
2464
2521
2617
2706
2614
2654
2613
2653
2617
2614
2520
2563
2562
2613
2706
2791
2703
2743
2702
2742
2706
2703
2614
2656
2654
2702
2791
2872
2788
2830
2787
2828
2791
2788
2703
2745
2743
2787
2872
2948
2867
2912
2866
2911
2872
2867
2788
2832
2830
2866
2948
3022
2946
2989
2945
2987
2948
2946
2867
2906
2912
2945
3022
3092
3019
3089
3018
3057
3022
3019
2946
2990
2989
3018
317
378
327
324
316
318
317
327
270
271
272
316
378
441
386
383
377
376
378
386
327
325
324
377
441
506
446
448
440
439
441
446
386
384
383
440
506
577
514
515
505
507
506
514
446
447
448
505
577
653
587
584
576
578
577
587
514
516
515
576
653
731
663
660
652
651
653
663
587
585
584
652
731
814
739
740
732
733
731
739
663
659
660
732
814
900
817
813
815
818
814
817
739
737
740
815
900
980
889
891
888
902
900
889
817
819
813
888
980
1069
974
973
972
979
980
974
889
890
891
972
1069
1160
1059
1058
1060
1067
1069
1059
974
971
973
1060
1160
1257
1155
1156
1154
1158
1160
1155
1059
1061
1058
1154
1257
1362
1255
1252
1253
1256
1257
1255
1155
1153
1156
1253
1362
1469
1358
1356
1355
1361
1362
1358
1255
1254
1252
1355
1469
1573
1458
1459
1461
1467
1469
1458
1358
1357
1356
1461
1573
1680
1561
1562
1564
1574
1573
1561
1458
1460
1459
1564
1680
1796
1672
1673
1675
1682
1680
1672
1561
1563
1562
1675
1796
1874
1791
1792
1793
1798
1796
1791
1672
1674
1673
1793
1874
1994
1872
1920
1873
1918
1874
1872
1791
1794
1792
1873
1994
2109
1991
2036
1992
2034
1994
1991
1872
1922
1920
1992
2109
2214
2100
2150
2101
2148
2109
2100
1991
2038
2036
2101
2214
2319
2210
2261
2209
2260
2214
2210
2100
2151
2150
2209
2319
2422
2316
2365
2317
2364
2319
2316
2210
2262
2261
2317
2422
2520
2420
2466
2419
2465
2422
2420
2316
2367
2365
2419
2520
2614
2516
2565
2517
2563
2520
2516
2420
2468
2466
2517
2614
2703
2610
2657
2609
2656
2614
2610
2516
2567
2565
2609
2703
2788
2698
2741
2699
2745
2703
2698
2610
2659
2657
2699
2788
2867
2782
2825
2781
2832
2788
2782
2698
2747
2741
2781
2867
2946
2865
2914
2864
2906
2867
2865
2782
2833
2825
2864
2946
3019
2942
3016
2941
2990
2946
2942
2865
2903
2914
2941
270
327
275
276
269
271
270
275
222
223
224
269
327
386
331
328
326
325
327
331
275
273
276
326
386
446
387
388
385
384
386
387
331
329
328
385
446
514
450
453
449
447
446
450
387
389
388
449
514
587
517
519
513
516
514
517
450
452
453
513
587
663
589
594
586
585
587
589
517
520
519
586
663
739
665
664
662
659
663
665
589
592
594
662
739
817
738
734
735
737
739
738
665
661
664
735
817
889
802
803
801
819
817
802
738
736
734
801
889
974
882
880
881
890
889
882
802
804
803
881
974
1059
964
966
965
971
974
964
882
883
880
965
1059
1155
1056
1057
1054
1061
1059
1056
964
963
966
1054
1155
1255
1152
1149
1150
1153
1155
1152
1056
1055
1057
1150
1255
1358
1251
1248
1249
1254
1255
1251
1152
1151
1149
1249
1358
1458
1348
1350
1349
1357
1358
1348
1251
1250
1248
1349
1458
1561
1446
1447
1448
1460
1458
1446
1348
1347
1350
1448
1561
1672
1553
1555
1554
1563
1561
1553
1446
1449
1447
1554
1672
1791
1669
1670
1671
1674
1672
1669
1553
1556
1555
1671
1791
1872
1788
1790
1789
1794
1791
1788
1669
1668
1670
1789
1872
1991
1870
1923
1871
1922
1872
1870
1788
1787
1790
1871
1991
2100
1983
2039
1984
2038
1991
1983
1870
1924
1923
1984
2100
2210
2096
2152
2097
2151
2100
2096
1983
2041
2039
2097
2210
2316
2208
2258
2207
2262
2210
2208
2096
2154
2152
2207
2316
2420
2315
2362
2314
2367
2316
2315
2208
2265
2258
2314
2420
2516
2415
2470
2416
2468
2420
2415
2315
2360
2362
2416
2516
2610
2513
2558
2512
2567
2516
2513
2415
2471
2470
2512
2610
2698
2606
2660
2605
2659
2610
2606
2513
2568
2558
2605
2698
2782
2692
2748
2693
2747
2698
2692
2606
2662
2660
2693
2782
2865
2779
2835
2780
2833
2782
2779
2692
2750
2748
2780
2865
2942
2861
2939
2860
2903
2865
2861
2779
2837
2835
2860
222
275
232
233
225
223
222
232
183
184
185
225
275
331
284
281
274
273
275
284
232
230
233
274
331
387
336
337
330
329
331
336
284
282
281
330
387
450
396
397
390
389
387
396
336
338
337
390
450
517
458
459
451
452
450
458
396
398
397
451
517
589
527
521
518
520
517
527
458
461
459
518
589
665
591
593
588
592
589
591
527
525
521
588
665
738
658
657
655
661
665
658
591
590
593
655
738
802
719
720
721
736
738
719
658
656
657
721
802
882
793
794
796
804
802
793
719
718
720
796
882
964
872
874
875
883
882
872
793
795
794
875
964
1056
962
959
961
963
964
962
872
873
874
961
1056
1152
1053
1052
1050
1055
1056
1053
962
960
959
1050
1152
1251
1148
1145
1146
1151
1152
1148
1053
1051
1052
1146
1251
1348
1240
1241
1243
1250
1251
1240
1148
1147
1145
1243
1348
1446
1335
1338
1336
1347
1348
1335
1240
1242
1241
1336
1446
1553
1440
1441
1438
1449
1446
1440
1335
1337
1338
1438
1553
1669
1549
1552
1551
1556
1553
1549
1440
1439
1441
1551
1669
1788
1666
1667
1665
1668
1669
1666
1549
1550
1552
1665
1788
1870
1785
1786
1784
1787
1788
1785
1666
1664
1667
1784
1870
1983
1863
1926
1862
1924
1870
1863
1785
1783
1786
1862
1983
2096
1979
2035
1980
2041
1983
1979
1863
1917
1926
1980
2096
2208
2095
2147
2094
2154
2096
2095
1979
2043
2035
2094
2208
2315
2206
2266
2205
2265
2208
2206
2095
2156
2147
2205
2315
2415
2310
2369
2311
2360
2315
2310
2206
2267
2266
2311
2415
2513
2412
2459
2411
2471
2415
2412
2310
2371
2369
2411
2513
2606
2508
2555
2509
2568
2513
2508
2412
2473
2459
2509
2606
2692
2600
2647
2599
2662
2606
2600
2508
2571
2555
2599
2692
2779
2690
2752
2691
2750
2692
2690
2600
2645
2647
2691
2779
2861
2776
2858
2775
2837
2779
2776
2690
2753
2752
2775
183
232
193
194
186
184
183
193
148
149
150
186
232
284
241
238
231
230
232
241
193
192
194
231
284
336
289
290
283
282
284
289
241
240
238
283
336
396
346
349
339
338
336
346
289
291
290
339
396
458
404
405
395
398
396
404
346
348
349
395
458
527
460
462
464
461
458
460
404
403
405
464
527
591
523
526
524
525
527
523
460
463
462
524
591
658
582
583
580
590
591
582
523
522
526
580
658
719
639
641
640
656
658
639
582
581
583
640
719
793
710
711
712
718
719
710
639
642
641
712
793
872
788
787
785
795
793
788
710
713
711
785
872
962
869
870
871
873
872
869
788
786
787
871
962
1053
958
955
957
960
962
958
869
868
870
957
1053
1148
1049
1046
1047
1051
1053
1049
958
956
955
1047
1148
1240
1137
1138
1139
1147
1148
1137
1049
1048
1046
1139
1240
1335
1229
1230
1231
1242
1240
1229
1137
1140
1138
1231
1335
1440
1328
1330
1327
1337
1335
1328
1229
1228
1230
1327
1440
1549
1435
1434
1436
1439
1440
1435
1328
1329
1330
1436
1549
1666
1545
1546
1548
1550
1549
1545
1435
1437
1434
1548
1666
1785
1660
1661
1663
1664
1666
1660
1545
1547
1546
1663
1785
1863
1767
1768
1770
1783
1785
1767
1660
1662
1661
1770
1863
1979
1859
1916
1858
1917
1863
1859
1767
1769
1768
1858
1979
2095
1978
2044
1977
2043
1979
1978
1859
1928
1916
1977
2095
2206
2092
2157
2093
2156
2095
2092
1978
2046
2044
2093
2206
2310
2202
2269
2201
2267
2206
2202
2092
2142
2157
2201
2310
2412
2306
2356
2307
2371
2310
2306
2202
2250
2269
2307
2412
2508
2408
2456
2407
2473
2412
2408
2306
2373
2356
2407
2508
2600
2503
2572
2502
2571
2508
2503
2408
2475
2456
2502
2600
2690
2598
2664
2597
2645
2600
2598
2503
2573
2572
2597
2690
2776
2687
2773
2686
2753
2690
2687
2598
2666
2664
2686
148
193
157
158
151
149
148
157
118
117
119
151
193
241
201
199
191
192
193
201
157
159
158
191
241
289
246
249
239
240
241
246
201
200
199
239
289
346
299
296
292
291
289
299
246
248
249
292
346
404
350
347
344
348
346
350
299
293
296
344
404
460
402
399
400
403
404
402
350
345
347
400
460
523
454
456
455
463
460
454
402
401
399
455
523
582
510
509
512
522
523
510
454
457
456
512
582
639
565
564
566
581
582
565
510
511
509
566
639
710
631
632
633
642
639
631
565
567
564
633
710
788
702
703
705
713
710
702
631
634
632
705
788
869
783
784
782
786
788
783
702
704
703
782
869
958
867
865
866
868
869
867
783
781
784
866
958
1049
954
953
951
956
958
954
867
864
865
951
1049
1137
1038
1039
1041
1048
1049
1038
954
952
953
1041
1137
1229
1125
1126
1127
1140
1137
1125
1038
1040
1039
1127
1229
1328
1221
1220
1222
1228
1229
1221
1125
1128
1126
1222
1328
1435
1323
1324
1325
1329
1328
1323
1221
1223
1220
1325
1435
1545
1430
1431
1432
1437
1435
1430
1323
1326
1324
1432
1545
1660
1543
1544
1542
1547
1545
1543
1430
1433
1431
1542
1660
1767
1644
1645
1647
1662
1660
1644
1543
1541
1544
1647
1767
1859
1760
1761
1762
1769
1767
1760
1644
1646
1645
1762
1859
1978
1857
1930
1856
1928
1859
1857
1760
1759
1761
1856
1978
2092
1975
2047
1976
2046
1978
1975
1857
1932
1930
1976
2092
2202
2088
2160
2089
2142
2092
2088
1975
2049
2047
2089
2202
2306
2198
2249
2197
2250
2202
2198
2088
2161
2160
2197
2306
2408
2303
2374
2302
2373
2306
2303
2198
2271
2249
2302
2408
2503
2402
2476
2401
2475
2408
2402
2303
2376
2374
2401
2503
2598
2501
2575
2500
2573
2503
2501
2402
2451
2476
2500
2598
2687
2594
2684
2593
2666
2598
2594
2501
2547
2575
2593
118
157
121
122
120
117
118
121
89
86
87
120
157
201
163
162
156
159
157
163
121
123
122
156
201
246
208
206
202
200
201
208
163
160
162
202
246
299
252
250
251
248
246
252
208
207
206
251
299
350
295
297
298
293
299
295
252
247
250
298
350
402
343
340
341
345
350
343
295
294
297
341
402
454
391
393
392
401
402
391
343
342
340
392
454
510
442
444
445
457
454
442
391
394
393
445
510
565
493
494
495
511
510
493
442
443
444
495
565
631
556
557
558
567
565
556
493
496
494
558
631
702
623
624
625
634
631
623
556
559
557
625
702
783
699
700
701
704
702
699
623
626
624
701
783
867
779
780
777
781
783
779
699
698
700
777
867
954
863
861
860
864
867
863
779
778
780
860
954
1038
943
945
944
952
954
943
863
862
861
944
1038
1125
1026
1027
1028
1040
1038
1026
943
946
945
1028
1125
1221
1117
1118
1119
1128
1125
1117
1026
1029
1027
1119
1221
1323
1217
1218
1219
1223
1221
1217
1117
1120
1118
1219
1323
1430
1320
1321
1322
1326
1323
1320
1217
1216
1218
1322
1430
1543
1426
1427
1429
1433
1430
1426
1320
1319
1321
1429
1543
1644
1525
1526
1527
1541
1543
1525
1426
1428
1427
1527
1644
1760
1636
1637
1638
1646
1644
1636
1525
1528
1526
1638
1760
1857
1755
1756
1757
1759
1760
1755
1636
1639
1637
1757
1857
1975
1854
1910
1855
1932
1857
1854
1755
1758
1756
1855
1975
2088
1971
2050
1972
2049
1975
1971
1854
1933
1910
1972
2088
2198
2085
2162
2084
2161
2088
2085
1971
2024
2050
2084
2198
2303
2193
2273
2194
2271
2198
2193
2085
2164
2162
2194
2303
2402
2296
2377
2297
2376
2303
2296
2193
2275
2273
2297
2402
2501
2399
2479
2400
2451
2402
2399
2296
2379
2377
2400
2501
2594
2497
2591
2496
2547
2501
2497
2399
2480
2479
2496
89
121
91
90
88
86
89
91
61
62
59
88
121
163
127
128
124
123
121
127
91
92
90
124
163
208
166
169
161
160
163
166
127
126
128
161
208
252
209
204
205
207
208
209
166
165
169
205
252
295
245
242
243
247
252
245
209
203
204
243
295
343
287
288
285
294
295
287
245
244
242
285
343
391
332
334
335
342
343
332
287
286
288
335
391
442
379
380
382
394
391
379
332
333
334
382
442
493
426
427
428
443
442
426
379
381
380
428
493
556
485
486
487
496
493
485
426
429
427
487
556
623
549
550
548
559
556
549
485
488
486
548
623
699
620
621
622
626
623
620
549
551
550
622
699
779
695
696
694
698
699
695
620
619
621
694
779
863
775
776
773
778
779
775
695
697
696
773
863
943
852
853
855
862
863
852
775
774
776
855
943
1026
931
932
933
946
943
931
852
854
853
933
1026
1117
1018
1019
1021
1029
1026
1018
931
934
932
1021
1117
1217
1114
1115
1116
1120
1117
1114
1018
1020
1019
1116
1217
1320
1212
1213
1215
1216
1217
1212
1114
1113
1115
1215
1320
1426
1315
1316
1317
1319
1320
1315
1212
1214
1213
1317
1426
1525
1410
1411
1413
1428
1426
1410
1315
1318
1316
1413
1525
1636
1517
1518
1519
1528
1525
1517
1410
1412
1411
1519
1636
1755
1632
1633
1635
1639
1636
1632
1517
1520
1518
1635
1755
1854
1751
1752
1753
1758
1755
1751
1632
1634
1633
1753
1854
1971
1850
1935
1851
1933
1854
1850
1751
1754
1752
1851
1971
2085
1968
2023
1967
2024
1971
1968
1850
1905
1935
1967
2085
2193
2080
2135
2081
2164
2085
2080
1968
2053
2023
2081
2193
2296
2188
2243
2187
2275
2193
2188
2080
2166
2135
2187
2296
2399
2295
2380
2294
2379
2296
2295
2188
2276
2243
2294
2399
2497
2396
2494
2395
2480
2399
2396
2295
2345
2380
2395
61
91
73
72
60
62
61
73
44
46
47
60
91
127
100
99
93
92
91
100
73
71
72
93
127
166
132
129
125
126
127
132
100
103
99
125
166
209
170
168
164
165
166
170
132
133
129
164
209
245
196
197
198
203
209
196
170
167
168
198
245
287
237
235
236
244
245
237
196
195
197
236
287
332
278
277
280
286
287
278
237
234
235
280
332
379
320
321
322
333
332
320
278
279
277
322
379
426
367
368
369
381
379
367
320
323
321
369
426
485
422
423
424
429
426
422
367
370
368
424
485
549
482
483
484
488
485
482
422
425
423
484
549
620
544
545
546
551
549
544
482
481
483
546
620
695
616
617
618
619
620
616
544
547
545
618
695
775
691
692
693
697
695
691
616
615
617
693
775
852
766
767
768
774
775
766
691
690
692
768
852
931
840
841
842
854
852
840
766
765
767
842
931
1018
923
924
925
934
931
923
840
843
841
925
1018
1114
1014
1015
1016
1020
1018
1014
923
926
924
1016
1114
1212
1109
1110
1111
1113
1114
1109
1014
1017
1015
1111
1212
1315
1208
1209
1210
1214
1212
1208
1109
1112
1110
1210
1315
1410
1299
1300
1301
1318
1315
1299
1208
1211
1209
1301
1410
1517
1402
1403
1404
1412
1410
1402
1299
1302
1300
1404
1517
1632
1514
1515
1516
1520
1517
1514
1402
1405
1403
1516
1632
1751
1629
1630
1631
1634
1632
1629
1514
1513
1515
1631
1751
1850
1744
1745
1746
1754
1751
1744
1629
1628
1630
1746
1850
1968
1846
1904
1847
1905
1850
1846
1744
1743
1745
1847
1968
2080
1964
2054
1963
2053
1968
1964
1846
1937
1904
1963
2080
2188
2075
2167
2074
2166
2080
2075
1964
2056
2054
2074
2188
2295
2185
2278
2186
2276
2188
2185
2075
2130
2167
2186
2295
2396
2291
2393
2290
2345
2295
2291
2185
2238
2278
2290
44
73
53
48
45
46
44
53
35
31
32
45
73
100
76
77
74
71
73
76
53
49
48
74
100
132
98
104
102
103
100
98
76
75
77
102
132
170
130
135
131
133
132
130
98
101
104
131
170
196
155
153
152
167
170
155
130
134
135
152
196
237
190
189
188
195
196
190
155
154
153
188
237
278
229
227
228
234
237
229
190
187
189
228
278
320
267
265
266
279
278
267
229
226
227
266
320
367
315
313
314
323
320
315
267
268
265
314
367
422
365
363
364
370
367
365
315
312
313
364
422
482
421
419
420
425
422
421
365
366
363
420
482
544
479
477
478
481
482
479
421
418
419
478
544
616
543
541
542
547
544
543
479
480
477
542
616
691
614
612
613
615
616
614
543
540
541
613
691
766
684
682
683
690
691
684
614
611
612
683
766
840
756
754
755
765
766
756
684
685
682
755
840
923
835
833
834
843
840
835
756
753
754
834
923
1014
921
919
920
926
923
921
835
832
833
920
1014
1109
1012
1010
1011
1017
1014
1012
921
922
919
1011
1109
1208
1107
1105
1106
1112
1109
1107
1012
1013
1010
1106
1208
1299
1195
1193
1194
1211
1208
1195
1107
1108
1105
1194
1299
1402
1293
1291
1292
1302
1299
1293
1195
1192
1193
1292
1402
1514
1400
1398
1399
1405
1402
1400
1293
1294
1291
1399
1514
1629
1512
1510
1511
1513
1514
1512
1400
1401
1398
1511
1629
1744
1622
1620
1621
1628
1629
1622
1512
1509
1510
1621
1744
1846
1737
1735
1736
1743
1744
1737
1622
1623
1620
1736
1846
1964
1842
1901
1843
1937
1846
1842
1737
1738
1735
1843
1964
2075
1958
2017
1957
2056
1964
1958
1842
1940
1901
1957
2075
2185
2072
2170
2073
2130
2075
2072
1958
2015
2017
2073
2185
2291
2182
2288
2181
2238
2185
2182
2072
2171
2170
2181
35
53
33
30
29
31
35
33
19
20
18
29
53
76
52
54
51
49
53
52
33
34
30
51
76
98
68
69
67
75
76
68
52
50
54
67
98
130
95
96
94
101
98
95
68
70
69
94
130
155
116
113
114
134
130
116
95
97
96
114
155
190
147
144
145
154
155
147
116
115
113
145
190
229
181
182
179
187
190
181
147
146
144
179
229
267
221
218
219
226
229
221
181
180
182
219
267
315
264
261
262
268
267
264
221
220
218
262
315
365
311
308
309
312
315
311
264
263
261
309
365
421
362
359
360
366
365
362
311
310
308
360
421
479
417
414
415
418
421
417
362
361
359
415
479
543
476
473
474
480
479
476
417
416
414
474
543
614
539
536
537
540
543
539
476
475
473
537
614
684
605
606
603
611
614
605
539
538
536
603
684
756
677
674
675
685
684
677
605
604
606
675
756
835
752
749
750
753
756
752
677
676
674
750
835
921
831
828
829
832
835
831
752
751
749
829
921
1012
918
915
916
922
921
918
831
830
828
916
1012
1107
1009
1006
1007
1013
1012
1009
918
917
915
1007
1107
1195
1092
1089
1090
1108
1107
1092
1009
1008
1006
1090
1195
1293
1187
1184
1185
1192
1195
1187
1092
1091
1089
1185
1293
1400
1290
1287
1288
1294
1293
1290
1187
1186
1184
1288
1400
1512
1397
1394
1395
1401
1400
1397
1290
1289
1287
1395
1512
1622
1504
1501
1502
1509
1512
1504
1397
1396
1394
1502
1622
1737
1615
1612
1613
1623
1622
1615
1504
1503
1501
1613
1737
1842
1730
1727
1728
1738
1737
1730
1615
1614
1612
1728
1842
1958
1836
1941
1837
1940
1842
1836
1730
1729
1727
1837
1958
2072
1956
2058
1955
2015
1958
1956
1836
1942
1941
1955
2072
2182
2069
2179
2068
2171
2072
2069
1956
2060
2058
2068
19
33
14
17
15
20
19
14
8
9
7
15
33
52
27
25
26
34
33
27
14
16
17
26
52
68
40
42
43
50
52
40
27
28
25
43
68
95
66
63
64
70
68
66
40
41
42
64
95
116
84
82
83
97
95
84
66
65
63
83
116
147
111
109
110
115
116
111
84
85
82
110
147
181
140
142
143
146
147
140
111
112
109
143
181
221
177
175
176
180
181
177
140
141
142
176
221
264
216
214
215
220
221
216
177
178
175
215
264
311
259
257
258
263
264
259
216
217
214
258
311
362
306
304
305
310
311
306
259
260
257
305
362
417
357
355
356
361
362
357
306
307
304
356
417
476
412
410
411
416
417
412
357
358
355
411
476
539
471
469
470
475
476
471
412
413
410
470
539
605
532
534
535
538
539
532
471
472
469
535
605
677
601
599
600
604
605
601
532
533
534
600
677
752
672
670
671
676
677
672
601
602
599
671
752
831
747
745
746
751
752
747
672
673
670
746
831
918
826
824
825
830
831
826
747
748
745
825
918
1009
913
911
912
917
918
913
826
827
824
912
1009
1092
996
994
995
1008
1009
996
913
914
911
995
1092
1187
1087
1085
1086
1091
1092
1087
996
997
994
1086
1187
1290
1182
1180
1181
1186
1187
1182
1087
1088
1085
1181
1290
1397
1285
1283
1284
1289
1290
1285
1182
1183
1180
1284
1397
1504
1388
1386
1387
1396
1397
1388
1285
1286
1283
1387
1504
1615
1495
1493
1494
1503
1504
1495
1388
1389
1386
1494
1615
1730
1606
1604
1605
1614
1615
1606
1495
1496
1493
1605
1730
1836
1717
1715
1716
1729
1730
1717
1606
1607
1604
1716
1836
1956
1835
1944
1834
1942
1836
1835
1717
1718
1715
1834
1956
2069
1952
2066
1951
2060
1956
1952
1835
1893
1944
1951
8
14
3
5
6
9
8
3
0
2
1
6
14
27
13
10
11
16
14
13
3
4
5
11
27
40
21
23
24
28
27
21
13
12
10
24
40
66
39
36
37
41
40
39
21
22
23
37
66
84
58
55
56
65
66
58
39
38
36
56
84
111
81
78
79
85
84
81
58
57
55
79
111
140
105
106
107
112
111
105
81
80
78
107
140
177
139
136
137
141
140
139
105
108
106
137
177
216
174
171
172
178
177
174
139
138
136
172
216
259
213
210
211
217
216
213
174
173
171
211
259
306
256
253
254
260
259
256
213
212
210
254
306
357
303
300
301
307
306
303
256
255
253
301
357
412
354
351
352
358
357
354
303
302
300
352
412
471
409
406
407
413
412
409
354
353
351
407
471
532
465
466
467
472
471
465
409
408
406
467
532
601
531
528
529
533
532
531
465
468
466
529
601
672
598
595
596
602
601
598
531
530
528
596
672
747
669
666
667
673
672
669
598
597
595
667
747
826
744
741
742
748
747
744
669
668
666
742
826
913
823
820
821
827
826
823
744
743
741
821
913
996
906
903
904
914
913
906
823
822
820
904
996
1087
993
990
991
997
996
993
906
905
903
991
1087
1182
1084
1081
1082
1088
1087
1084
993
992
990
1082
1182
1285
1179
1176
1177
1183
1182
1179
1084
1083
1081
1177
1285
1388
1278
1275
1276
1286
1285
1278
1179
1178
1176
1276
1388
1495
1381
1378
1379
1389
1388
1381
1278
1277
1275
1379
1495
1606
1488
1485
1486
1496
1495
1488
1381
1380
1378
1486
1606
1717
1599
1596
1597
1607
1606
1599
1488
1487
1485
1597
1717
1835
1714
1711
1712
1718
1717
1714
1599
1598
1596
1712
1835
1952
1831
1950
1830
1893
1835
1831
1714
1713
1711
1830
