1.25302508
1.252528972
1.248527469
1.242984699
1.237520743
1.233096282
1.230306574
1.229479909
1.230752374
1.23411829
1.239463999
1.246592053
1.255238885
1.265088285
1.275782445
1.286931974
1.29812607
1.308943797
1.318967186
1.327796634
1.335068845
1.340477322
1.343795377
1.344901759
1.343809357
1.340700361
1.335967663
1.330286098
1.324728488
1.320798827
1.320636678
1.253508054
1.253021693
1.250163231
1.246261255
1.24230831
1.239073705
1.237085944
1.23666139
1.237954061
1.240990508
1.245697037
1.251920482
1.259444215
1.268000988
1.27728389
1.286956525
1.296663338
1.30604085
1.314730355
1.322392441
1.328723476
1.333474042
1.336469214
1.337630622
1.337000572
1.334769029
1.331304423
1.327195
1.323270046
1.320635321
1.320479911
1.25752688
1.255898276
1.252991925
1.249609148
1.246348069
1.243764052
1.242253185
1.242072658
1.243357303
1.2461379
1.250359576
1.255897112
1.262567753
1.270142122
1.278353996
1.2869097
1.29549783
1.30379987
1.311502107
1.318309092
1.323958677
1.328238479
1.331003481
1.332194357
1.331856004
1.330155714
1.327399013
1.324040811
1.320668551
1.317987036
1.316549074
1.263255869
1.259913337
1.256292814
1.252769487
1.249666674
1.247335742
1.246042312
1.245970448
1.247216411
1.249797557
1.2536624
1.25870045
1.264751359
1.271613258
1.279050691
1.286802638
1.294591115
1.30213079
1.309139884
1.315352491
1.320532225
1.324486902
1.327083703
1.328264049
1.328057031
1.326589781
1.324091519
1.320887755
1.317367837
1.31394924
1.31085938
1.269268108
1.264180297
1.259543478
1.255491421
1.252182524
1.249812625
1.248537782
1.248466909
1.249650136
1.25208129
1.255701554
1.260404891
1.266043654
1.272434214
1.279362756
1.286591583
1.293866289
1.300924116
1.3075037
1.313356226
1.318257814
1.322022682
1.324516364
1.325667886
1.325479406
1.324031286
1.321479452
1.318042048
1.313964926
1.309484365
1.304669319
1.274751022
1.267999336
1.262218072
1.257434762
1.253704851
1.251112658
1.249727101
1.249590349
1.25070724
1.253043837
1.256527651
1.261049829
1.266467795
1.272608365
1.279271388
1.286234216
1.293257283
1.300091078
1.306484659
1.312195674
1.317001653
1.320712019
1.323179958
1.324312917
1.324080085
1.322514882
1.31970985
1.315802111
1.310943588
1.30527059
1.298802107
1.279165722
1.270842553
1.26388596
1.258278825
1.254011666
1.251093662
1.249526874
1.24929764
1.250369204
1.252679096
1.256137838
1.260628872
1.266008945
1.272109048
1.278736044
1.285675298
1.292694618
1.299549772
1.305991734
1.311775622
1.316671075
1.320473489
1.323015199
1.324175351
1.32388681
1.322138338
1.31897002
1.314461045
1.308706768
1.301797059
1.293750914
1.282128986
1.272305347
1.264177473
1.25771138
1.252856714
1.249570175
1.247801663
1.247491219
1.248564915
1.250932675
1.254486483
1.259098933
1.26462195
1.270885904
1.277699404
1.284850145
1.292107202
1.299225032
1.305949424
1.312025377
1.317206716
1.321266895
1.324010128
1.325281577
1.324975064
1.323036683
1.319462654
1.314291054
1.30758546
1.299420351
1.289836138
1.28333257
1.272047563
1.262760268
1.255431398
1.249981543
1.246327559
1.244376954
1.244030182
1.245179641
1.247708734
1.251490136
1.256383563
1.262233232
1.268865429
1.276086615
1.283682554
1.291418897
1.299043613
1.306291542
1.31289119
1.31857366
1.323083302
1.326189299
1.327697017
1.327457641
1.32537454
1.321404746
1.315555304
1.307872375
1.298431791
1.287303745
1.282493907
1.269755741
1.259317478
1.251137819
1.245112822
1.241125479
1.239045785
1.238737995
1.240062599
1.242876875
1.247033501
1.252377872
1.258744563
1.265953513
1.27380652
1.282084616
1.290546856
1.298931014
1.306956567
1.314330268
1.320754365
1.325937233
1.329605813
1.331518816
1.331479225
1.329344499
1.325032589
1.318523295
1.309851806
1.299103163
1.286378789
1.279326195
1.265115856
1.253527653
1.244517859
1.237958108
1.233698566
1.231572391
1.231407831
1.233033071
1.2362784
1.240975367
1.246953815
1.254037454
1.262038721
1.270753621
1.279957233
1.289400502
1.298808919
1.307883654
1.31630561
1.323742721
1.329860549
1.334335803
1.336871938
1.33721537
1.335170566
1.330611542
1.323488816
1.313826889
1.301722141
1.287305538
1.273518377
1.257793213
1.2450482
1.235235397
1.228199199
1.223754179
1.221693601
1.221806616
1.223886176
1.227733056
1.233155708
1.239967109
1.24797945
1.256997589
1.266812086
1.277192592
1.287882314
1.298594283
1.309010149
1.318782245
1.327539544
1.33489794
1.340474862
1.343907646
1.344874277
1.343114491
1.33844803
1.330788308
1.320144065
1.306621104
1.290376701
1.264720518
1.247416224
1.23350044
1.222919176
1.215484504
1.210969155
1.209119565
1.209679052
1.212399415
1.217047273
1.223404842
1.23126663
1.240433151
1.250702749
1.261862535
1.27367927
1.285891044
1.298200554
1.310270923
1.321725031
1.332149423
1.341103678
1.348135811
1.352803571
1.354700436
1.353484114
1.348903305
1.340820046
1.32921675
1.314203197
1.295958854
1.252531189
1.233561119
1.218454465
1.207150146
1.199420419
1.194985921
1.193534624
1.194752736
1.198341211
1.204025171
1.211555926
1.2207075
1.231269102
1.24303495
1.255792623
1.269310929
1.283328171
1.297541738
1.311600069
1.325098275
1.337578902
1.348539355
1.357447305
1.363764673
1.366979477
1.366643296
1.36240904
1.354065082
1.341550247
1.324968847
1.304517551
1.23648395
1.215734666
1.19941147
1.187446451
1.179561165
1.175408323
1.174599282
1.176745684
1.181482917
1.188483791
1.197462169
1.208169133
1.220383701
1.233899998
1.248512345
1.263999413
1.280108364
1.296539904
1.312935374
1.328867393
1.343835945
1.35727224
1.368552637
1.377024419
1.382043646
1.383023298
1.379485363
1.371111474
1.35777036
1.339545835
1.316645375
1.216029662
1.193351382
1.175780465
1.163243956
1.155396162
1.15179735
1.151954329
1.155377821
1.161616059
1.170274296
1.181020294
1.193579528
1.207723161
1.223251481
1.239974767
1.257692872
1.276174438
1.295136551
1.314225844
1.33300264
1.350930407
1.367373662
1.381607914
1.392845186
1.400277161
1.403135468
1.400762177
1.392683815
1.378658755
1.358726545
1.33309633
1.190510272
1.16570031
1.146845007
1.133869344
1.12633375
1.123667185
1.12522869
1.130388621
1.138577085
1.149311135
1.162201809
1.176946866
1.193314141
1.211119529
1.230202237
1.25039882
1.271516708
1.293307699
1.315442055
1.337484537
1.358874863
1.378916375
1.396778094
1.411516247
1.422120129
1.427584808
1.427004716
1.419680721
1.405199256
1.383517274
1.354831029
1.159117441
1.131893834
1.111713424
1.098501626
1.091679905
1.090482689
1.094053695
1.101564151
1.112282621
1.125611439
1.141093427
1.158398858
1.177300788
1.197644833
1.219316969
1.24221093
1.266195518
1.29108154
1.316588217
1.342309782
1.367684304
1.391968954
1.414228663
1.433346976
1.448068665
1.457082933
1.45914411
1.453223982
1.438641224
1.415206947
1.383079277
1.120824857
1.09078653
1.06924239
1.056116228
1.050611004
1.05166116
1.058088569
1.068778524
1.082779247
1.099347056
1.11794736
1.138229125
1.159986322
1.18311536
1.207573061
1.233336484
1.260363968
1.288555844
1.317713375
1.347495176
1.377371965
1.406583997
1.434108466
1.458649022
1.47866506
1.492457134
1.498313568
1.494724194
1.48058929
1.455467258
1.419430995
1.074277739
1.040843664
1.017917462
1.005403814
1.002141243
1.006584828
1.017065789
1.032057581
1.050313006
1.070911366
1.093240832
1.116947788
1.141874927
1.168000611
1.195384403
1.224118899
1.254285433
1.285910173
1.318917148
1.353074947
1.387936609
1.422774682
1.456516991
1.487702006
1.514474507
1.534650687
1.545886279
1.54596802
1.533135423
1.506504998
1.465973473
1.017604692
0.9799211838
0.9556647591
0.9446537176
0.9450900067
0.9546381701
0.9708717832
0.99167665
1.015424942
1.041001763
1.067741526
1.095330212
1.123706261
1.152975024
1.183339845
1.215046846
1.248337849
1.28340532
1.32034278
1.359085099
1.399335152
1.440471464
1.481445678
1.52068502
1.556015294
1.584681374
1.603506986
1.609241764
1.599057924
1.571299693
1.525509278
0.9480669203
0.9049028012
0.87954737
0.871591278
0.878067178
0.8952992874
0.919689826
0.9483094656
0.9790788004
1.010715353
1.042571052
1.074453166
1.106470788
1.138918604
1.172194132
1.206739065
1.242994499
1.2813603
1.322149036
1.365526932
1.411429841
1.459447037
1.508680524
1.557555652
1.603647125
1.643598356
1.67313244
1.687473471
1.682111549
1.654005024
1.601927816
0.8616096283
0.8110352124
0.7852635794
0.7831731387
0.7995227799
0.8283447864
0.8642497906
0.9032497119
0.9428230682
0.9816480416
1.019251116
1.055701769
1.091390064
1.126880461
1.162821817
1.199893455
1.238770886
1.280097717
1.324452561
1.372299447
1.423902842
1.479208681
1.537645596
1.597834163
1.657324197
1.712176544
1.756788187
1.784367849
1.7875764
1.760644948
1.700790808
0.7514162735
0.6906177843
0.6663999554
0.6753568203
0.7079840526
0.7542855056
0.8062514579
0.8587246402
0.9089763584
0.9559732712
0.9997068126
1.040724757
1.079844092
1.117991622
1.156123957
1.195192614
1.236131693
1.279852747
1.327235606
1.379099639
1.436143018
1.498832884
1.567145056
1.640302568
1.716216924
1.790605407
1.856818541
1.905014398
1.922891272
1.900154544
1.830623822
0.6047148318
0.5315309417
0.512912022
0.5430456188
0.6027948684
0.6752324355
0.7490447604
0.8182938053
0.8807933964
0.9364537707
0.9861897011
1.031312794
1.073230919
1.113320148
1.152885998
1.193167882
1.235362301
1.280651397
1.330227939
1.385304117
1.447100811
1.516752995
1.595126818
1.682590362
1.777808755
1.877394942
1.974029316
2.053522674
2.09809268
2.087675581
2.005636058
0.410498881
0.3093180968
0.3090471477
0.3811815674
0.4858898693
0.596560408
0.698600883
0.7872456232
0.8625115839
0.9263127929
0.9810782359
1.029181825
1.072757037
1.113677594
1.153602343
1.194041414
1.236426947
1.282182948
1.332792212
1.389858059
1.45515727
1.530623624
1.618381619
1.720268513
1.837046982
1.968818556
2.107179617
2.238195431
2.333967132
2.348115093
2.246564479
0.08727939904
-0.02343006738
0.03538965615
0.1868083359
0.366513834
0.5296085888
0.6645356695
0.7727153897
0.8590923509
0.9288698437
0.9865225029
1.035664171
1.079180401
1.119408376
1.158304194
1.197585705
1.23885533
1.283711848
1.333860626
1.391232228
1.458111636
1.537280265
1.632221286
1.746739243
1.886090754
2.053556911
2.244123629
2.456934402
2.633078945
2.71634505
2.612571138
-0.4604801599
-0.4995495118
-0.3537813981
-0.02314599829
0.2706717745
0.4947152743
0.6603631554
0.7830479469
0.8754597878
0.9469044566
1.003967903
1.051369031
1.092574921
1.130230418
1.166456473
1.203064192
1.241720727
1.284093247
1.331992859
1.387539695
1.453372345
1.53294859
1.630916452
1.753605661
1.910758549
2.109723469
2.371992304
2.705463907
3.037796062
3.356382159
3.215592366
-0.78442638
-1.602604621
-0.8341013307
-0.1687331366
0.2497482778
0.5204618675
0.701052306
0.8256168708
0.9150406625
0.9817448799
1.033613056
1.075877477
1.112175864
1.14517861
1.17696872
1.209293291
1.243747401
1.281929335
1.325596994
1.376854921
1.438413306
1.513978286
1.608854377
1.731184242
1.893340866
2.113968778
2.439951951
2.859436376
3.483121915
4.240569202
4.078814244
-7.150728116
-3.22552202
-0.9746894897
-0.07577450048
0.3723724764
0.6363251523
0.7972581873
0.9040617819
0.9784781335
1.032742555
1.074284008
1.107815217
1.136556072
1.162837703
1.188463331
1.21493913
1.243638809
1.275941867
1.313373929
1.357778898
1.411564608
1.478086658
1.562335414
1.672176565
1.820396489
2.032595362
2.3535598
2.860811237
4.022748891
5.625017996
8.066402721
-14.67728906
-2.479422568
-0.1712859156
0.3164712879
0.6721188769
0.8384105613
0.9425698052
1.012701188
1.060859048
1.095969231
1.122798512
1.144571313
1.163544887
1.181381848
1.199395218
1.218697007
1.240309619
1.265260825
1.294680752
1.329920617
1.372719054
1.425466201
1.491668261
1.576661887
1.689682861
1.847853149
2.075253292
2.492135709
3.288583418
4.636594099
16.84553982
