1 7.898819226e-61
1.892392335e-31 6.273291366e-31
1 6.273291366e-31
1 5.518294e-32
1 5.296581957e-32
0.3464162193 0.1017671506
0.1542409518 0.1542409522
-2.926465278e-31 7.296586837e-31
-2.439397854e-31 2.241586173e-31
-0.04871539768 0.2284989086
0.5596261285 0.04399923668
0.4633814093 0.06928251536
1 -1.288576494e-33
1 1.184183812e-32
0.03695776549 0.2415197824
-0.05298742014 0.275981
0.144886612 0.1935863457
-0.0253692459 0.3158472785
3.908964133e-32 2.743359489e-31
3.718039061e-33 1.838563767e-31
-0.00608605626 0.2179147607
1 6.572978695e-33
1 4.344682624e-33
0.6819100103 0.02540042259
0.6332179022 0.03217906799
0.09180722573 0.2301478052
0.01167124994 0.2852238251
0.2608779076 0.1404714323
0.3526763303 0.1080723129
-0.005308810636 0.190727559
-0.03933587958 0.3071820222
-0.01200068832 0.1747965611
-1.298415724e-32 2.381459563e-31
-0.03549834222 0.3200899127
-0.03505295965 0.3237062362
-4.489016528e-33 1.391156219e-31
0.7509842511 0.0142061686
0.72107452 0.01908827359
1 -9.980626325e-34
1 2.21280075e-33
0.4283110505 0.08188275427
0.487076285 0.06421135999
0.2399788832 0.1486336808
0.1670549331 0.1860083842
-2.822103996e-33 1.045459901e-31
-0.01132689029 0.1538728016
-0.008925839615 0.1373346755
-2.966902196e-33 1.847258041e-31
-0.03105252964 0.257419716
-0.05077986449 0.3303021035
0.05203429826 0.2526248252
-0.05065049323 0.340029861
0.0001814793355 0.2941630772
-0.03453570371 0.2818393788
-0.03818190569 0.3293903936
0.7932487557 0.008827170359
0.7747325611 0.01102031124
1 -6.48400601e-34
1 1.001513339e-33
-6.00699082e-34 1.460827297e-31
-0.007306784031 0.1237968042
-9.666476756e-34 8.277163355e-32
-0.006009994738 0.1115673618
0.3578961698 0.09725794693
0.3032896641 0.1201657253
0.5742681277 0.04031248778
0.5355741898 0.05018627214
-0.01165596686 0.299447149
0.1103813321 0.2120203495
0.02843435248 0.2625221823
0.1667666289 0.1774718668
-0.04714269705 0.2979830945
-0.02423123449 0.2165856748
-0.02723704647 0.2357007317
-0.04993945255 0.3158640966
-0.04563596658 0.3245332948
-0.05551201491 0.3409384208
-0.06209450622 0.3391601946
0.8206375138 0.005738736853
0.8085317869 0.007076590664
1 -5.717920418e-34
1 5.443414149e-34
0.4435050562 0.06494142981
0.4042170537 0.07941721571
0.606528208 0.03230414142
0.6327222211 0.02630074116
-0.004793440124 0.09131815961
-7.455283147e-34 1.18966779e-31
-0.005306628831 0.1006994811
-7.064741813e-34 6.662899127e-32
-0.01902580238 0.1810919459
-0.02114003593 0.1979545467
-0.03983904542 0.2593916468
-0.04368300819 0.2789987869
0.07132732972 0.2269972151
0.2191697989 0.1475296918
0.115354239 0.1940036649
0.2655353014 0.1231414504
-0.02338166265 0.2971905031
-0.06136737771 0.3148460575
-0.06288890594 0.3290899366
0.006299680316 0.2649206547
-0.06329791523 0.3359819924
-0.07113277511 0.3355471919
-0.05340338348 0.3175824626
1 2.867197158e-34
0.8385379221 0.003694999548
0.8306053152 0.004607480853
1 -5.723667176e-34
0.5042281601 0.04380947582
0.4765770376 0.0533865045
0.6544180742 0.02132192317
0.6720473832 0.01734089837
0.1950394013 0.1398335757
0.1567159812 0.1651986986
0.3419822798 0.08533128315
0.3066458831 0.1023694241
-0.003872745192 0.07500159749
-4.443524246e-34 5.408327907e-32
-3.688316164e-34 9.671231128e-32
-0.004305459293 0.08272391259
-0.01705433795 0.1653856646
-0.01555114008 0.1510856461
-0.03361650319 0.2220142317
-0.03661136744 0.2404232082
-0.07416256132 0.3287899347
-0.07403006106 0.3169767366
-0.05845249259 0.2980055605
-0.05535963518 0.2801856258
-0.08048502032 0.3267319137
0.03957036458 0.2325673685
-0.03631366578 0.2913289754
-0.0710809991 0.3264222008
-0.06366260071 0.3065452287
0.07343341577 0.2021088417
-0.0134923734 0.2617349488
0.8498848581 0.002233666879
0.8449476169 0.002904331789
1 -5.565656358e-34
1 1.532288516e-34
0.686508263 0.01391983904
0.6980447907 0.01104422135
0.5462195507 0.02899260993
0.527277379 0.03583235498
0.2594574201 0.09888718746
0.2292406805 0.1180097029
0.3981528309 0.05832056148
0.3724877511 0.07067235038
-3.063040172e-34 4.393156127e-32
-0.00322713122 0.0614555872
-2.41343456e-34 7.840520768e-32
-0.003525655292 0.06791272971
0.01153041455 0.2319087806
0.03761179813 0.2029817878
0.1368412572 0.1489105355
0.1063118 0.1740516835
-0.03106737751 0.2045075978
-0.0141579235 0.1377565527
-0.01303959242 0.1254959071
-0.02873470637 0.1878706226
-0.06984285201 0.2860046531
-0.07244009231 0.3024924627
-0.04891202383 0.2433962401
-0.05199752825 0.2617008578
-0.08072234899 0.3133261903
-0.0907328706 0.3128060035
-0.08492809626 0.320788199
-0.03375153534 0.2537769183
-0.07532507798 0.2928430311
-0.08625321591 0.3105519299
-0.05056446446 0.2814921395
0.8562292598 0.001067905109
0.8536385964 0.001622028625
1 -5.971907133e-34
1 6.481102291e-35
-2.258921914e-34 3.547572044e-32
-0.002737994402 0.04997596804
-1.596131609e-34 6.299946785e-32
-0.002968840587 0.05547038928
0.5737464777 0.01779121411
0.5616082669 0.02306668374
0.7071625072 0.00847498096
0.7139888803 0.006203160319
0.2855309509 0.08223594127
0.437289576 0.03798189681
0.4197188499 0.04745594413
0.3077040758 0.06743103006
0.06285240322 0.1759404291
0.1646469431 0.1261785357
0.08670620549 0.1507615564
0.1891626699 0.1058957899
-0.02668601326 0.1721412032
-0.0247954579 0.1572747221
-0.01198961283 0.114027665
-0.01110896505 0.1034105058
0.00455557172 0.1979981558
-0.01490130066 0.2256034316
-0.06610454382 0.26831468
-0.05394796257 0.2417814901
-0.04585370353 0.2253231309
-0.06377105901 0.2508603079
-0.04307237438 0.2078691141
-0.0669423677 0.2686916599
-0.08874618604 0.2759702225
-0.1019210427 0.2956559778
-0.09616707238 0.3072689136
-0.08559318378 0.2972783532
-0.08379420297 0.2821088485
-0.09174084105 0.2971018325
-0.09836884252 0.2976428703
0.858346611 3.200674952e-05
0.8577978299 0.0005426360121
1 -6.944553041e-34
1 -5.306699687e-36
0.5894572857 0.008584311118
0.582974851 0.01302081787
0.718818156 0.004077187369
0.7216782839 0.00209837679
-1.709933633e-34 2.832721585e-32
-0.002341283724 0.0401511231
-1.003528238e-34 4.988844379e-32
-0.002530676033 0.04486553799
-0.02151803654 0.1300629895
-0.02309929566 0.1432606526
-0.01027430103 0.09347671086
-0.009547357318 0.0842520547
0.3409174988 0.04216350428
0.3260968942 0.0542172576
0.4513835227 0.02939225271
0.4620749813 0.02160213708
0.1274572361 0.1061882529
0.2104583979 0.08744862145
0.228319148 0.07073659334
0.1083056963 0.1276210807
-0.04044862451 0.2147178455
0.04153627177 0.1464496087
-0.02631893663 0.1878443833
0.02364894472 0.1715051931
-0.05741384297 0.2154576718
-0.03790288641 0.1748601854
-0.0403770079 0.1909816453
-0.06061008211 0.2330658269
-0.1041129538 0.278070474
-0.07462812252 0.2260377353
-0.1031478542 0.2565175209
-0.08270918451 0.2518632121
-0.09714615645 0.2710399001
-0.07818328122 0.2486232454
-0.08118375234 0.2656685129
-0.1105567805 0.2804389313
-0.114015925 0.2753533164
-0.09851290925 0.2853638492
-0.1078088715 0.2897353987
0.8564786519 -0.001001105402
0.8579131378 -0.0004723672748
1 -8.73336025e-34
1 -7.522041994e-35
-0.002168310344 0.0357614718
-1.330510771e-34 2.223698614e-32
-0.002008244332 0.03170565042
-6.021140359e-35 3.868994517e-32
0.5947824429 0.000270653072
0.5933740247 0.00437905487
0.7227360883 0.0001439470971
0.7219206341 -0.00177219167
0.3604247201 0.02057273352
0.3523161387 0.03105286045
0.4742587113 0.007320369546
0.4696983718 0.01426983686
-0.01870405872 0.1059918972
-0.02006871793 0.1176491239
-0.008852154805 0.07562284485
-0.008231072323 0.06760281542
-0.03329897289 0.1448133707
-0.05125145951 0.1816666669
-0.05431082772 0.1983014045
-0.03551603317 0.1594350318
0.1438138545 0.08636066839
0.2542099972 0.04084468839
0.1573343537 0.06777623959
0.242932134 0.05524721469
0.0577738167 0.1227415127
-0.01259239422 0.161735592
0.0002932512198 0.1364988501
0.07190293861 0.100405734
-0.05578129306 0.1732111544
-0.09998522812 0.2324893031
-0.0653903464 0.1996290198
-0.09516758599 0.2070406042
-0.07142545207 0.2140270746
-0.09183589355 0.2392167603
-0.07485480226 0.2312812024
-0.09484834422 0.2555340119
-0.117337799 0.2565350461
-0.1198933969 0.2690195849
-0.1265547563 0.2527189599
-0.1182902977 0.234486075
-0.1110720809 0.2686243663
-0.1099929276 0.2550537901
-0.1227083575 0.2597157399
0.8504002553 -0.002157757077
0.8539896287 -0.001544698337
1 -1.179777917e-33
1 -1.628538855e-34
0.5901743789 -0.00803626528
0.5937293306 -0.003823367617
0.7193107559 -0.003778760348
0.7147206189 -0.005846936118
-0.001859548205 0.02793152495
-1.054311072e-34 1.703622639e-32
-0.001720438397 0.02444618292
-3.086067338e-35 2.912569307e-32
-0.007090294905 0.05315586559
-0.01623206818 0.08481648247
-0.01743509941 0.0950551647
-0.007633824097 0.06011164329
0.3671278257 0.0006905062356
0.3653471967 0.01053569381
0.4759499164 0.0004895875796
0.4746875258 -0.006296399991
0.1755270565 0.0334503821
0.2623307369 0.02712113507
0.267231729 0.01393118891
0.1679046998 0.0502484143
-0.02915659037 0.1178393202
-0.04830272722 0.1656820913
-0.03116110554 0.1309290694
-0.04542547476 0.1503768079
-0.0678806089 0.1970050423
-0.06435473139 0.1804407669
-0.08465296123 0.2058820344
-0.0884083874 0.2225927856
0.02154200799 0.08890478894
0.08376572529 0.07915551687
0.01175077404 0.1122682419
0.09311842962 0.05889205411
-0.04640007774 0.1471622993
-0.08353414558 0.1546722157
-0.08953409246 0.1809552883
-0.03777113609 0.1216785571
-0.1309712141 0.2328100062
-0.1334340642 0.2103575052
-0.115344493 0.1851350102
-0.1174392785 0.2104565665
-0.1077348829 0.240269379
-0.1345532296 0.2365466308
-0.1221468003 0.2353289184
-0.1046681467 0.2247742298
-0.1320244098 0.2458277588
-0.1391779635 0.2279766693
-0.1232893656 0.2483268877
0.8393474115 -0.00360228737
0.8455499611 -0.002810915652
1 -1.718354889e-33
1 -2.94752936e-34
0.5751781512 -0.01722711015
0.5840410699 -0.01245049455
0.7081588592 -0.008142466653
0.6992799173 -0.01061801808
0.3613262841 -0.01919514309
0.3658035307 -0.009142013445
0.4633534851 -0.02055489813
0.4705531164 -0.01328235015
-7.829216724e-36 2.099389336e-32
-0.001589607455 0.02121066509
-8.453588149e-35 1.260453896e-32
-0.001465766648 0.01823044221
-0.00608055179 0.0406751907
-0.01402463976 0.06631027501
-0.006565460267 0.04667605254
-0.01510202004 0.07524117192
-0.02539769022 0.09389485258
-0.0399709847 0.1219844323
-0.0426578521 0.1358085547
-0.02722321474 0.1054846388
0.181854162 0.001120601743
0.2690394495 0.0009340306862
0.1801792655 0.0171715536
0.2676725158 -0.01202762638
0.1040844669 0.02020133297
0.09993521302 0.03929126865
0.03510173282 0.04435820759
0.02936605562 0.06634212181
-0.06081571784 0.1643942358
-0.07669273639 0.1732036116
-0.05734865838 0.1489977086
-0.08073603964 0.1893769705
-0.1009845567 0.2088951932
-0.0969104341 0.1929557871
-0.1197667193 0.2213246185
-0.1164260003 0.2066369118
-0.03023894748 0.09676906815
-0.02412043673 0.07243589636
-0.07775908752 0.1285258198
-0.07251627044 0.1026176115
-0.1125168839 0.1591559166
-0.1344811597 0.1861732654
-0.1344453425 0.16085336
-0.1094053478 0.1328523807
-0.1480910021 0.1844147657
-0.145760716 0.2114627543
-0.1513092166 0.201737406
-0.1438670025 0.2207093127
-0.1334139096 0.2130878459
-0.1444293923 0.2072779982
-0.1348450376 0.225461484
0.8217659068 -0.005612206034
0.8314855303 -0.00448376621
1 -2.706399905e-33
1 -5.411045053e-34
0.5483545285 -0.02841256455
0.5633804762 -0.02247116944
0.688028401 -0.01352489067
0.6737942304 -0.01679349798
0.3426715044 -0.04080864997
0.3536656975 -0.02966684932
0.4393833515 -0.03689650332
0.4530703028 -0.02838603483
-0.001234041621 0.01295491034
1.352941821e-35 1.415465831e-32
-0.001347792882 0.01547692039
-6.788793944e-35 8.856318371e-33
0.2555034574 -0.03896841178
0.1762740052 -0.03124453111
0.1805649715 -0.01492780453
0.2631983233 -0.02526741661
-0.005609458947 0.03510815195
-0.005167258585 0.02997798847
-0.01202280207 0.05027278558
-0.01300348762 0.05799262791
-0.02195889883 0.072868028
-0.0348834615 0.09662493064
-0.03738716015 0.1089248766
-0.02363489315 0.08301763121
-0.05392093425 0.1342663405
-0.05058735991 0.1202763734
-0.07262102613 0.1575286416
-0.06853299386 0.142419615
0.1043918819 -0.01757164758
0.03862204902 0.02279767281
0.1055925591 0.001307007793
0.03986900802 0.001421166591
-0.01958483428 0.04852902352
-0.06489131112 0.05169728403
-0.06816594229 0.07702865857
-0.01679830337 0.02495550977
-0.092535141 0.1771442987
-0.1079009829 0.1765978867
-0.08800267036 0.1616648742
-0.1124190644 0.1916588478
-0.1306648559 0.1998348135
-0.1435051647 0.1890846759
-0.1454892526 0.200805322
-0.1269324729 0.186066091
-0.1063767846 0.1064717582
-0.1327817062 0.108426747
-0.1337877983 0.1348452286
-0.103733138 0.0801323152
-0.1504985677 0.1600902431
-0.162475528 0.1743872346
-0.1615650955 0.1572115703
-0.1559251795 0.1852169931
-0.1519617103 0.1347099991
-0.1571469641 0.1803650672
-0.1549340222 0.1942348379
1 -9.714088817e-34
0.7949141002 -0.008615509173
0.8096754045 -0.006889954169
1 -4.47988139e-33
-5.320880633e-35 5.738301762e-33
-0.001014430546 0.008554007593
3.882859251e-35 8.533641878e-33
-0.00112387228 0.01064544527
0.5069683171 -0.04326332296
0.5297305854 -0.0352217974
0.6564181317 -0.02082551062
0.6349120715 -0.02550589019
0.3102005013 -0.06615683148
0.3282713707 -0.05287332631
0.4010008584 -0.05720885818
0.4221865483 -0.0464388066
0.1587461783 -0.06569214556
0.1690231237 -0.04807748171
0.2446038103 -0.0534526049
0.2303700393 -0.06894777641
-0.004732502664 0.02525068625
-0.004316152456 0.02093321838
-0.0101690066 0.03653949981
-0.01108277834 0.0431252563
0.1005287936 -0.03673292578
0.03549318501 -0.0415948366
0.03883253185 -0.0199670719
0.09399724666 -0.05637603289
-0.01877428262 0.05462560521
-0.03247097566 0.08508577247
-0.03012871799 0.074297147
-0.02033404608 0.06340106561
-0.04731732238 0.1070190135
-0.06448699015 0.1279677844
-0.04414415587 0.09453724288
-0.06048219513 0.1142046147
-0.1030551523 0.1617023295
-0.09796888587 0.1470979962
-0.08335252145 0.1466185438
-0.07867675339 0.1321312167
-0.01581609082 0.001509347793
-0.06286756808 0.0265732564
-0.0166855269 -0.02194360345
-0.06218001442 0.001531577062
-0.1317475883 0.08180331199
-0.101695437 0.05386962423
-0.130866905 0.05506782129
-0.1004234115 0.02768614922
-0.1359331304 0.1639304987
-0.1174467397 0.1580296271
-0.140224777 0.1767118228
-0.1224528071 0.1720490817
-0.152140547 0.1641640455
-0.1646667812 0.158326908
-0.1647895283 0.1669384833
-0.1548495175 0.1750785768
-0.1527731671 0.1086605098
-0.1648567962 0.1327567891
-0.1531647261 0.08215500701
-0.1672110428 0.1073734599
-0.1721375394 0.1465381559
-0.1685503465 0.1525814388
-0.1733245814 0.1292380306
0.7526595855 -0.01383777133
0.7762523028 -0.01064804568
1 -9.36252007e-33
1 -2.05849566e-33
-3.762617075e-35 3.234015599e-33
-0.0007939205202 0.005006190938
7.540815763e-35 4.137807317e-33
-0.0009060290171 0.006671433172
0.6090774903 -0.03154781005
0.5769991312 -0.03886664806
0.4466412653 -0.06456346812
0.4795965075 -0.05287497835
-0.003898095765 0.01700112509
-0.003487501735 0.01346955914
-0.008396025631 0.02499706245
-0.00927840353 0.03049783696
0.2625301155 -0.09781340149
0.2884023303 -0.08100560531
0.3454437385 -0.08431221452
0.375638632 -0.06972084047
0.1455475542 -0.08437237113
0.1917956191 -0.1043016416
0.12934075 -0.1043665415
0.2127810432 -0.085801585
0.07323022212 -0.09815594719
0.08486932372 -0.07678163962
0.02223878593 -0.08639221906
0.02995255021 -0.0636727762
-0.01724825037 0.04650495593
-0.02785834018 0.06425189629
-0.01576157217 0.03904823562
-0.02563792094 0.05493994088
-0.01938045475 -0.04561103496
-0.06488535573 -0.04875238394
-0.06285199501 -0.02353507748
-0.02382419443 -0.06962965605
-0.05655051008 0.1011764514
-0.04103765069 0.08281073679
-0.05268126174 0.08889366506
-0.03801409332 0.07186398211
-0.06933986939 0.1050497819
-0.09275648377 0.1329365261
-0.08746341537 0.1192883743
-0.07398734293 0.118249776
-0.1253218548 0.1381463364
-0.1309060598 0.1510222781
-0.1064117263 0.1306361191
-0.1120515383 0.1441718671
-0.100013527 0.001521430009
-0.100491382 -0.02466833746
-0.1303099225 0.02828578818
-0.130162364 0.001464823118
-0.1699441284 0.05488648424
-0.1533386734 0.05537657653
-0.1688602341 0.08134719695
-0.1534198221 0.02842613577
-0.148168083 0.1527564541
-0.1432320854 0.1411040872
-0.1626173289 0.1489158869
-0.1590375768 0.1389373161
-0.1729895181 0.1394014631
-0.1828056228 0.1011508776
-0.1769847112 0.1047961565
-0.1716149176 0.1314544958
-0.179865376 0.1186997045
-0.178110765 0.1244750142
-0.1796741053 0.07952831683
0.6836065012 -0.02428844456
0.7228959407 -0.01842064047
1 -1.912734036e-32
1 -5.7910096e-33
-1.735642025e-35 1.370237507e-33
-0.0005580372957 0.002340869854
1.302993178e-34 1.068048721e-33
-0.0006800540815 0.003557823956
0.3613391554 -0.09719172553
0.4076053853 -0.07891580243
0.5384851094 -0.04917559835
0.4895905343 -0.06229778867
-0.003062803569 0.01032271696
-0.002635122341 0.007586893747
-0.006622632278 0.01560034771
-0.007516004614 0.02002880308
0.2326316402 -0.1171083509
0.3100331478 -0.1016312326
0.2692483449 -0.1222464848
0.1981000942 -0.1392681672
-0.01428398606 0.03222848602
-0.01281511839 0.02605956049
-0.02130258156 0.03848557627
-0.02346065264 0.04635282825
0.1398955679 -0.1477702013
0.08886531446 -0.1494017299
0.1104410224 -0.1259864129
0.1674707063 -0.1248455531
0.04308455926 -0.1446847871
0.001105830897 -0.1344498725
0.05919405548 -0.1207351792
0.01258894607 -0.1099481859
-0.06815430395 -0.0742306848
-0.03740300822 -0.119307276
-0.02990881219 -0.09416499351
-0.07257132295 -0.100037229
-0.03212242274 0.05225508725
-0.04888626754 0.07737693138
-0.04514601727 0.066626325
-0.03504159013 0.06167341708
-0.1039626756 -0.0773870417
-0.1018460018 -0.05096092924
-0.1304495816 -0.02539018116
-0.1311619422 -0.05228060699
-0.07685353531 0.09383276473
-0.08215697549 0.1062422143
-0.06472814885 0.09254581051
-0.06017978084 0.08078222415
-0.1193608764 0.1254873248
-0.09471448115 0.104910256
-0.1131297054 0.1131414943
-0.1006028252 0.1175152696
-0.1375702131 0.129395015
-0.1313854026 0.1177994013
-0.1486272866 0.1182384781
-0.1542856985 0.1286583026
-0.1708834347 0.001275059792
-0.1535088337 0.001381644901
-0.1536126633 -0.02569906639
-0.1705960504 0.02815439384
-0.1815408089 0.05371109597
-0.188852336 0.05196365489
-0.1826633764 0.02752433718
-0.1863582162 0.07688804664
-0.1791592589 0.1121900384
-0.1639645058 0.1140851423
-0.1684838244 0.1229436669
-0.1853805518 0.09665581698
-0.1895964364 0.07356678089
-0.1764690907 0.1051294081
-0.1852677034 0.09151070219
0.5714449382 -0.03986606589
0.6330534687 -0.02960023819
1 -3.921920223e-32
1 -9.38362372e-33
1.213002379e-35 2.246122764e-34
-0.0002964891301 0.0006393972565
2.092394532e-34 -4.606142054e-34
-0.0004325434085 0.001359350619
0.2390296669 -0.1513476696
0.306851948 -0.1210495375
0.4279530021 -0.07978074942
0.3534542721 -0.1001580835
-0.002180079922 0.005252766896
-0.001717914871 0.003355516172
-0.004763279689 0.008381084085
-0.005708978322 0.01171071657
0.1190187753 -0.1941918808
0.1601959227 -0.1649849666
0.1720233627 -0.1778906795
0.22350182 -0.1473399947
-0.009811941284 0.01564613596
-0.01132488899 0.02052547072
-0.01697933091 0.02489707645
-0.01915017761 0.03133229056
0.0395295413 -0.2023236053
0.06516893683 -0.1748580893
0.1091180563 -0.1733779017
0.07638769456 -0.2018393393
-0.02922212317 0.04358835533
-0.04145610247 0.0566493859
-0.02633280953 0.03568707109
-0.03778972522 0.04744426863
0.006089232392 -0.1969648141
-0.0256201915 -0.1865344987
0.02516026027 -0.1701009325
-0.01171381734 -0.1600184733
-0.07784415966 -0.1262215528
-0.08376551145 -0.1527184875
-0.05551245968 -0.171562733
-0.04609384405 -0.1451222851
-0.1098648841 -0.130658956
-0.1067282373 -0.1039706385
-0.1334026025 -0.1060679075
-0.1321819916 -0.07919387202
-0.06634765035 0.07108487796
-0.05567471129 0.06975628804
-0.07158565967 0.08210909538
-0.05121828574 0.05949458119
-0.1537311813 -0.05276208603
-0.1704129869 -0.05248446716
-0.1537483608 -0.07972726798
-0.1708270513 -0.02564195953
-0.1002488779 0.08979022301
-0.08284807753 0.08144766896
-0.1067405746 0.1012249548
-0.08878029802 0.09286721626
-0.1354953154 0.09763401331
-0.1248242309 0.1064328797
-0.1423071489 0.1078634366
-0.1180168055 0.0954071404
-0.1519880726 0.09599855163
-0.1583801083 0.1050518306
-0.1667359837 0.09013717089
-0.1722159316 0.09773506733
-0.1831237506 0.001152149825
-0.1909628551 0.001025554967
-0.190373416 0.02660695967
-0.1829158092 -0.02526025149
-0.1880758448 0.06552478482
-0.1925989426 0.0497531381
-0.1933677641 0.04718790001
-0.1899936649 0.0697417287
-0.183000761 0.08589169906
-0.1944221782 0.02544483766
-0.1789989575 0.07995900075
0.2774821718 -0.09839604151
0.4757671819 -0.05995739659
1 -1.736888505e-31
1 -4.932260414e-32
0.09639830055 -0.2359975331
0.1691508891 -0.1913890237
0.2751519058 -0.1313133924
0.1693961664 -0.1740202643
5.770933664e-35 -1.200271494e-34
-2.657891635e-05 -1.935248054e-05
2.617828391e-34 -2.596792743e-34
-0.000155076479 0.0001623102019
-0.001222346592 0.001883752197
-0.0007411101818 0.000864599007
-0.002780677745 0.00341704434
-0.003784739747 0.005606342107
0.03089203117 -0.2624476056
0.07567062375 -0.2269138255
0.05761162456 -0.2577712502
0.1136508579 -0.2145099615
-0.008251307564 0.01141778352
-0.006654003592 0.007856845478
-0.01252048357 0.01419021217
-0.01477456853 0.01917731904
0.009173874254 -0.2649942945
-0.01220329009 -0.2621802871
0.01356195484 -0.2318124231
0.04232759812 -0.2326863536
-0.03413032638 0.03901307206
-0.02341932639 0.02853784725
-0.02047129849 0.02215602322
-0.03044821635 0.0313585286
-0.05356726551 -0.2414495324
-0.01359653663 -0.2251072919
-0.03252113733 -0.2539729649
-0.03976276128 -0.2138614113
-0.06114517435 0.0607859801
-0.05595574742 0.05121641743
-0.04677977554 0.04998799863
-0.04234803194 0.04125451871
-0.09573298239 -0.2059906509
-0.07467277485 -0.2253982471
-0.08984381034 -0.1794197785
-0.06531569002 -0.1984441054
-0.1161114949 -0.1837790249
-0.1345558278 -0.13280806
-0.1131440184 -0.1573417762
-0.1354267124 -0.1592029094
-0.1681398981 -0.105407165
-0.1535682606 -0.1064891762
-0.1529460984 -0.1328733161
-0.1695494425 -0.07912937063
-0.08715836334 0.06860085362
-0.09371581489 0.07890734512
-0.07101357151 0.06056947782
-0.07692088676 0.07066935048
-0.1804203453 -0.07755394165
-0.1906347404 -0.02459209337
-0.1820465405 -0.05155214115
-0.18937538 -0.05004985224
-0.1039807759 0.07464200448
-0.120972073 0.07803890268
-0.1283507759 0.08767337649
-0.1110444506 0.08478662494
-0.1450006558 0.08703673079
-0.1532165436 0.0748903334
-0.1603277961 0.08249442018
-0.1375878018 0.07827183778
-0.1843053561 0.06106248467
-0.1672469079 0.06765392258
-0.1736474012 0.07383999133
-0.1790666065 0.0564332684
-0.195430608 0.02411207667
-0.1961981741 0.000769071679
-0.1946805806 -0.0236985825
-0.1951207109 0.0008924041975
-0.188123304 0.04134759405
-0.1939480593 0.02263602605
-0.1917254761 0.0443557195
0.1671774116 -0.1717827931
1 -5.316036508e-61
3.215455962e-64 -3.18553974e-64
6.446962618e-05 -6.381492399e-05
0.02522138276 -0.2801983835
0.02898800197 -0.2456163536
0.004010834856 -0.2990099753
-0.007763556136 -0.2993249081
-0.0002794436753 0.0002826715261
-0.001780382813 0.001784927538
-0.00501708501 0.004965762319
-0.01021287761 0.009927596735
-0.02104921067 -0.2975785627
-0.0349366614 -0.2921834475
-0.01746108784 0.01653970863
-0.02672207918 0.02448273371
-0.04999362714 -0.2822905043
-0.06581592581 -0.2685509797
-0.03788660438 0.03328709568
-0.05076481237 0.04239050902
-0.08300476645 -0.2517868256
-0.1006648333 -0.2320032192
-0.06510641604 0.0511514212
-0.08059816951 0.05891211216
-0.1356124735 -0.1849748743
-0.1184270032 -0.2096052111
-0.1659874346 -0.1311113371
-0.1516971054 -0.158638062
-0.1779721876 -0.1030617253
-0.1871251466 -0.07514476768
-0.09685858447 0.06500438221
-0.1134518662 0.06880940082
-0.195677934 -0.02260549135
-0.1931124794 -0.04809669477
-0.145602447 0.06743524995
-0.1298776087 0.06976910475
-0.1600611158 0.06148435994
-0.1726960946 0.05174949179
-0.1829830233 0.03822566494
-0.1947714485 0.0006460836969
-0.1904580922 0.02108339599
-0.1041080645 -0.2566240234
-0.04553947397 0.0343120394
-0.01174760315 -0.272876791
-0.08922527509 -0.2765730594
-0.07569579821 -0.2936609967
-0.03114792678 -0.328630481
-0.0591888109 0.04243985303
-0.06334273059 -0.3082189508
-0.05272143352 -0.3188000643
-0.07402275225 0.04985052662
-0.04374139689 -0.325855297
-0.03878679206 -0.3279404301
-0.08970650049 0.05591801707
-0.04010136832 -0.3058092426
-0.1058338108 0.06001293246
-0.121970271 0.06159771274
1.869777507e-05 2.800663632e-05
-0.1194315282 -0.2342426849
-0.137623488 0.0601766129
-0.134793014 -0.2096587496
-0.1522929674 0.05541542127
-0.165458962 0.04705938539
-0.1766335753 0.03506050484
-0.0008636781442 0.0007490375817
-0.1853698796 0.01946687293
-0.1838152825 -0.09963482279
-0.1903505362 -0.0720747889
-0.1913050214 0.0005403149432
-0.003401240165 0.002747619203
-0.1941778074 -0.02137752193
-0.1938585752 -0.04576595133
-0.007869808896 0.006418661535
-0.01439295018 0.01170262684
-0.1745259906 -0.1278199924
-0.1629210278 -0.1559399771
-0.02292975257 0.01839946016
-0.1494642051 -0.1834262174
-0.03337650259 0.02610263064
7.557299857e-31 -7.065381776e-31
2.64482454e-34 -2.623788892e-34
-0.04151114688 -0.2608200768
-1.919928049e-31 -2.819636034e-31
1.180782585e-34 -5.688166027e-35
-0.0001683764886 0.0001591085802
-0.05100642324 -0.3365524101
-0.04289046265 -0.3256997217
-0.06297885093 -0.3375455441
-0.05774149439 -0.3417159982
-0.001875007174 0.001213352468
-0.005533572707 0.00364835463
-0.01906021155 0.01311233459
-0.01126924014 0.007656646209
-0.0812405497 -0.3148718237
-0.07123413356 -0.3285339795
-0.04025327832 0.02699388654
-0.02878501107 0.01970450908
-0.09262522706 -0.2983191213
-0.1051987534 -0.2788113574
-0.06742297107 0.04144266641
-0.05322553392 0.03443536622
-0.1324582042 -0.2326684994
-0.1186988687 -0.2568670236
-0.09815814798 0.05169955697
-0.08252033967 0.04739532993
-0.1459934619 -0.2067690038
-0.1586679871 -0.1795244359
-0.1793278353 -0.1232461046
-0.1699611692 -0.15151298
-0.190711778 -0.06846384979
-0.1863638439 -0.0953686862
-0.1139291115 0.05379133863
-0.1294011865 0.0531886842
-0.1906662682 -0.02002832148
-0.19217944 -0.04316793955
-0.1441090122 0.04949631296
-0.157585775 0.04244497186
-0.169371065 0.03189089631
-0.1790399985 0.01784203243
-0.1862332396 0.0004383744584
-0.06076455198 0.03369409092
-0.09182247018 -0.3148860173
-0.0752924015 0.03946676636
-0.08132147077 -0.3288437817
-0.07178348516 -0.3387181285
-0.064402019 -0.3411331168
-0.09042532957 0.04388034406
-0.05511457505 -0.3331182428
-0.1057977246 0.04639508555
-0.03661846619 -0.30347707
-0.02096611941 -0.2459091979
-0.1210045803 0.04649375407
-0.1356320918 0.04378429162
-0.1032983821 -0.2970134145
-0.0006488006261 0.0002971061801
-0.14924421 0.03793074939
-0.161420151 0.02876882534
-0.140871782 -0.2280242846
-0.1717549074 0.01620982521
-0.179895825 0.0003562213695
-0.003309683875 0.001666747916
-0.1855542242 -0.01861773511
-0.1735538432 -0.1456355074
-0.008145042715 0.004420212457
-0.188533822 -0.04035832393
-0.1887400444 -0.06447184013
-0.1862002052 -0.09042096998
-0.01512207256 0.008652908494
-0.1810488317 -0.1176841438
-0.02410057645 0.01411517183
-0.1640512347 -0.1737367762
-0.1530068934 -0.2013540932
-0.0348725687 0.02044932516
-0.04718868655 0.02716106291
-0.1282305826 -0.2531377126
-0.1155043525 -0.2763675513
-4.57564951e-32 -5.652925066e-31
4.368654779e-34 -1.941825844e-34
-0.01377131585 -0.1984743407
-1.3658005e-32 -2.193123566e-31
-2.400651103e-34 -8.309249294e-36
-0.001362568325 0.0004254567032
-0.0336488079 -0.2822809765
-0.05343433084 -0.3205527707
-0.07527287519 -0.3315021177
-0.06459401565 -0.3327268543
-0.005096996473 0.002033380056
-0.01114497408 0.005040179287
-0.01931344642 0.009359031788
-0.02937146248 0.01470057665
-0.08623002387 -0.3233200261
-0.09762497053 -0.3093062734
-0.04103632975 0.0206264061
-0.05401559397 0.02662961419
-0.1216340385 -0.2700258968
-0.1094365601 -0.2913071405
-0.08263323118 0.03659032034
-0.06799033644 0.03213886742
-0.1456639122 -0.2208163363
-0.1338433576 -0.2463844293
-0.1124915057 0.04014196783
-0.09758852225 0.03942398648
-0.1663531178 -0.1664046471
-0.1566545683 -0.1939976319
-0.1802751701 -0.1113363881
-0.1743504941 -0.1386758336
-0.1838581348 -0.08500041387
-0.1849047871 -0.06018627744
-0.1269514939 0.03830440219
-0.1405775836 0.03357511814
-0.179199704 -0.01714913084
-0.1833456537 -0.03742824979
-0.1529726638 0.02571467837
-0.163761429 0.01461471304
-0.1726007997 0.000278704169
-0.08929777483 0.03291051618
-0.07545216732 -0.3201528103
-0.01107808572 -0.1744217666
-0.06263849994 -0.317926172
-0.04894749582 -0.3035078557
-0.1038752803 0.03414051082
-0.03011929038 -0.2628896481
-0.1181238849 0.03309567087
-0.1316745569 0.02938591749
-0.002300134355 0.000526379353
-0.08777920652 -0.3130977355
-0.1441664349 0.02276576887
-0.1552434198 0.01304932344
-0.1123458331 -0.2819672329
-0.1245694333 -0.2608429722
-0.164580552 0.000220353745
-0.1718905347 -0.01567413012
-0.007205999193 0.002341636577
-0.1769468927 -0.03441552169
-0.1576111665 -0.1850618022
-0.01444446886 0.005481618371
-0.1795955577 -0.05573942001
-0.1797694211 -0.07922756903
-0.1774927452 -0.1044540277
-0.0237317592 0.00978381063
-0.1728890292 -0.1308628401
-0.03473365584 0.01486639804
-0.1661627078 -0.1579435452
-0.1475668865 -0.2116898041
-0.04712768391 0.02026269313
-0.1364338383 -0.237126547
-0.06057702025 0.02544075851
-0.1000223075 -0.2998899173
-0.074747451 0.02983487537
-9.832611535e-33 -3.107505461e-31
-1.158578944e-33 -7.759700646e-35
-0.009680896232 -0.1567839272
-3.554511661e-33 -1.384686966e-31
-1.367846982e-33 2.404578531e-35
-0.003422543636 0.0006139960817
-0.04484133209 -0.282572051
-0.02730401749 -0.2408394718
-0.05967816647 -0.3013293906
-0.07391620163 -0.305501983
-0.009535235554 0.002549345866
-0.01794699852 0.005751471149
-0.04005436828 0.01463230119
-0.02824466451 0.009915154698
-0.100253289 -0.2873822289
-0.08720344555 -0.299898574
-0.05299921342 0.01938601365
-0.06673061933 0.0236474642
-0.1251686535 -0.2493775244
-0.1129172385 -0.270182059
-0.0951606819 0.02852681166
-0.08089657462 0.02686284584
-0.1472363555 -0.2010431531
-0.1366926848 -0.2260948275
-0.1091761442 0.02816847425
-0.1226064709 0.02540533232
-0.1640076775 -0.1486147347
-0.1564425892 -0.1750215082
-0.1696441159 -0.1224909691
-0.1731325441 -0.09718427259
-0.1743246461 -0.07326506601
-0.1731527464 -0.05118799275
-0.1463559043 0.01154887512
-0.1351082601 0.01992958404
-0.1696368168 -0.03139037438
-0.163874148 -0.01418832729
-0.1560365589 0.0001657343967
-0.02404059418 -0.2196318688
-0.1133968258 0.02163113393
-0.00870272806 -0.1403845063
-0.1258634601 0.01723329599
-0.00467400712 0.0006693916273
-0.04086602261 -0.2629035857
-0.1371983635 0.01010072885
-0.05639776503 -0.2833306595
-0.1471115517 0.0001279760239
-0.1553353126 -0.01273457327
-0.1616402133 -0.0283753224
-0.01203429839 0.002685076675
-0.1658455209 -0.04663438614
-0.1118018087 -0.2564944424
-0.1239700331 -0.2363924331
-0.1678287368 -0.06719695076
-0.02153955426 0.005841134062
-0.145143966 -0.1893837021
-0.1675392794 -0.08972312835
-0.1649963834 -0.1137301653
-0.03274144279 0.009776050506
-0.1602978275 -0.1387450736
-0.153605953 -0.1641521804
-0.04519558722 0.01401854476
-0.135170339 -0.2136879601
-0.05851894934 0.01803956198
-0.0723393991 0.02131255975
-0.09890155233 -0.2730446991
-0.08536569194 -0.2844516963
-0.08631388488 0.02330242844
-0.07131803555 -0.2890540859
-0.100108304 0.02355227211
-6.534436238e-33 -2.409033111e-31
-4.160646379e-33 2.165626063e-35
-0.007384575196 -0.125504813
-2.502298251e-33 -1.068995178e-31
-3.053597642e-33 4.274021452e-35
-0.006027695704 0.0007097453116
-0.02134940038 -0.2005740235
-0.03747226819 -0.2434390921
-0.05310638208 -0.2646793183
-0.06833495436 -0.2712648188
-0.01460182469 0.002726330771
-0.02513557134 0.005769448656
-0.03709807342 0.009375947889
-0.05004385544 0.01305980711
-0.0827266532 -0.2678843676
-0.09653223722 -0.2573068414
-0.06356166232 0.01627284826
-0.07729274816 0.01850362106
-0.1094610763 -0.2416367404
-0.1214779255 -0.22226427
-0.1040557712 0.01809690203
-0.09089462282 0.01925166672
-0.1417201087 -0.1769911642
-0.1322931676 -0.200430245
-0.1278493559 0.008733473963
-0.1164688108 0.01467660447
-0.1494858719 -0.1528031101
-0.1554012362 -0.1285168208
-0.1610164568 -0.08216744444
-0.1592800493 -0.1047974405
-0.1579059104 -0.04211006832
-0.1605523896 -0.06114137635
-0.1379191711 9.215127498e-05
-0.1531520025 -0.02542202685
-0.1464290931 -0.01130316775
-0.1183380247 0.007431644735
-0.1285272574 7.029044486e-05
-0.007416456383 0.0007192120968
-0.1372554771 -0.009929337255
-0.1443085929 -0.0225414225
-0.03446147156 -0.22478904
-0.1495042907 -0.0376910469
-0.1526974003 -0.05515183456
-0.01718212395 0.002696525827
-0.1537957501 -0.07466092567
-0.07960141665 -0.2505785652
-0.02862258834 0.005537909638
-0.1527538774 -0.09580892913
-0.149595189 -0.1181701864
-0.1443870658 -0.1411684689
-0.04121412645 0.008741509962
-0.1372681405 -0.1642317996
-0.05447704084 0.01178957751
-0.1283975481 -0.1866017835
-0.1179954715 -0.2075287503
-0.1062515941 -0.2259748746
-0.06801992701 0.01413604299
-0.09341407806 -0.2408707156
-0.08148297292 0.01529559862
-0.06508476561 -0.2532488478
-0.04987061552 -0.2459235723
-0.09455020173 0.01479652831
-0.106926851 0.01228137323
-0.0189847596 -0.1834369032
-0.006213141412 -0.1131520989
-3.66026487e-33 -1.864664027e-31
-8.001427079e-33 9.709868686e-35
-1.167721758e-33 -8.401145738e-32
-0.005395747689 -0.1020820168
-5.021333614e-33 5.01725386e-35
-0.008822972932 0.0007146352737
-0.03179028952 -0.2068004064
-0.01724308278 -0.1674406814
-0.06180129412 -0.2350873706
-0.04679027086 -0.2275689654
-0.03192914132 0.005168594442
-0.0196879356 0.002587324825
-0.05840714064 0.01024928331
-0.04498628468 0.007896191621
-0.08984064826 -0.2239921571
-0.07618291278 -0.2330332234
-0.07179924462 0.01169173865
-0.08483446604 0.011762869
-0.1138202407 -0.1924217608
-0.1024243046 -0.2099788679
-0.09721401704 0.01004425047
-0.1086773339 0.006220249674
-0.1237517087 -0.1725506403
-0.1320701134 -0.1512875027
-0.1278927673 -0.008600213293
-0.1189764957 4.822910212e-05
-0.1431282715 -0.1078213601
-0.1385670703 -0.1294896516
-0.1456424931 -0.08691466441
-0.1460787049 -0.06726043405
-0.1444370012 -0.04930976757
-0.1407838622 -0.03339031876
-0.1352192313 -0.01977073059
-0.01018050977 0.0006836780019
-0.1259473388 -0.0171131864
-0.00483774838 -0.09238352982
-0.1318348065 -0.02926333485
-0.1358902426 -0.04364577867
-0.138007683 -0.06006679951
-0.02206527618 0.002414817529
-0.04386135916 -0.2097611875
-0.138110864 -0.07818794697
-0.03495637623 0.004670070538
-0.1361792984 -0.09763771599
-0.1322221351 -0.1178944613
-0.1263189149 -0.1384113318
-0.09817086165 -0.1938778003
-0.04833098966 0.006865874967
-0.1185638878 -0.1584626466
-0.06173726787 0.008480352291
-0.1091306031 -0.177290535
-0.085935322 -0.2071265721
-0.07482120881 0.008992012775
-0.07259404425 -0.2155047164
-0.08727398678 0.007986834288
-0.05849972373 -0.217243404
-0.02938406242 -0.1898649625
-0.09883458519 0.005082966915
-0.01564982995 -0.152827653
-0.1092698919 3.742228146e-05
-0.1183702763 -0.007345471393
-2.109790353e-33 -1.484536531e-31
-1.212773208e-32 1.476184279e-34
-0.00433861824 -0.08365066618
-7.026369144e-34 -6.736447929e-32
-7.011367822e-33 4.912906103e-35
-0.01147972412 0.0006406224786
-0.02723717473 -0.1737611118
-0.01436246222 -0.1392069854
-0.041124463 -0.1925960248
-0.05526196325 -0.1997633956
-0.03765045674 0.004064028411
-0.0242468676 0.002181547425
-0.05117211321 0.00568348887
-0.06440766743 0.006526333807
-0.06892990493 -0.1982737903
-0.08185257401 -0.1904016943
-0.07702617271 0.00610715897
-0.08876220519 0.004044430387
-0.1041077748 -0.1622752333
-0.09363719284 -0.1779447985
-0.09938468806 2.437515028e-05
-0.1087006398 -0.006150783629
-0.1201949147 -0.1257119688
-0.1130039812 -0.144561222
-0.1165311827 -0.01459633585
-0.122727551 -0.02531126624
-0.1255184735 -0.1065402024
-0.1289070082 -0.08768586732
-0.1302983297 -0.06972707899
-0.1297032781 -0.05310824195
-0.1271517293 -0.03821414554
-0.1212370847 -0.04645375415
-0.1222972482 -0.061574386
-0.003939995412 -0.07575518786
-0.0261845042 0.001896229786
-0.1214159155 -0.07807775031
-0.02529436458 -0.1586297447
-0.1185741067 -0.09550519053
-0.03993306561 0.003364389755
-0.113815605 -0.1133558618
-0.1071964288 -0.1309619957
-0.0534468955 0.00437222436
-0.0988567555 -0.1476004889
-0.08892791724 -0.1623232513
-0.06635196047 0.004433584918
-0.07765517277 -0.1740813365
-0.06524186071 -0.1814789021
-0.07836737502 0.00308889987
-0.052086161 -0.1829057727
-0.03852108083 -0.1761755684
-0.08926301271 2.037326883e-05
-0.01316190164 -0.1266685937
-0.09885103029 -0.005042921887
-0.1069717581 -0.01221948863
-0.01266118988 0.0005769177425
-0.1134861448 -0.02157567257
-0.1182736918 -0.03303037863
-1.604410655e-32 1.755450927e-34
-1.43861718e-33 -1.202502887e-31
-0.003578104908 -0.06852347677
-4.6583981e-34 -5.460458867e-32
-0.01372188927 0.0005034625912
-8.799297303e-33 4.204118166e-35
-0.02351742303 -0.1443373754
-0.01216025742 -0.1149721163
-0.04900890026 -0.1666657088
-0.03607911608 -0.1605130156
-0.02783275448 0.001570056837
-0.04176895855 0.0025907251
-0.06753971544 0.002245481676
-0.05510923226 0.002971511944
-0.06158435911 -0.1652532626
-0.07342706659 -0.1582283945
-0.07882155794 1.191869834e-05
-0.0887736417 -0.004007873458
-0.0841315325 -0.1471713395
-0.0934858887 -0.1333402253
-0.09724575307 -0.01000553776
-0.1041196587 -0.01805206197
-0.1072897871 -0.1014010103
-0.101245862 -0.1177995566
-0.1092863993 -0.02813120652
-0.1126649648 -0.04011354664
-0.1137960531 -0.06884598411
-0.1114874735 -0.08488661729
-0.1141799188 -0.05379153403
-0.1060947629 -0.06006310154
-0.1043183202 -0.07472857947
-0.02915194583 0.001205076649
-0.1006804703 -0.08995316914
-0.04310416749 0.001761259574
-0.02188401132 -0.1309264479
-0.09521959529 -0.105141586
-0.08805371563 -0.1196328338
-0.07930241192 -0.1325718757
-0.05611958418 0.001501436715
-0.06920148729 -0.1429987534
-0.06793782182 1.161004095e-05
-0.05797277203 -0.1496762566
-0.04602448621 -0.1511779395
-0.03374924007 -0.1456600236
-0.07837523032 -0.003073078482
-0.08729631925 -0.007954095033
-0.01121565996 -0.1041579909
-0.003281131276 -0.0619237617
-0.09459467838 -0.01477521605
-0.1001863189 -0.02352462413
-0.01461317507 0.0004155702894
-0.1040013044 -0.03413573916
-0.1059818304 -0.04640096301
-1.022988424e-33 -9.755918738e-32
-1.934361489e-32 1.834680006e-34
-0.003007896574 -0.05584075634
-3.214225621e-34 -4.424097682e-32
-0.01533719988 0.0003205245877
-1.02066486e-32 3.07414401e-35
-0.02036615377 -0.1183076542
-0.01040221558 -0.09405195761
-0.03155599634 -0.1315932904
-0.04314596954 -0.1364208063
-0.03011872827 0.0008193475759
-0.04392215804 0.0008927638816
-0.06754540603 -0.002225784136
-0.05646262927 5.883531714e-06
-0.06502358449 -0.1284136809
-0.05444176342 -0.1348067085
-0.0848647916 -0.01174139153
-0.0770415742 -0.006089223238
-0.08261971322 -0.106510944
-0.07449296034 -0.1186086738
-0.09094866218 -0.01923924929
-0.09524879264 -0.02852229774
-0.08917561997 -0.09306433208
-0.09404367007 -0.07903752315
-0.09834871199 -0.05174127843
-0.09772147416 -0.03944144899
-0.09711314594 -0.06508773695
-0.03070387776 0.0004092529632
-0.08314012867 -0.08160412675
-0.002776577648 -0.05024255816
-0.0441953241 7.087028392e-06
-0.07720972325 -0.09405694721
-0.06972439296 -0.1053266714
-0.06090813081 -0.1145613794
-0.05612372543 -0.001497753606
-0.05098978622 -0.1206859047
-0.06636392891 -0.004414965376
-0.04036931146 -0.1224615202
-0.02945849495 -0.1183371415
-0.01895564836 -0.1064926977
-0.0748414826 -0.0089868904
-0.009624785679 -0.08468315814
-0.08151984372 -0.0152837977
-0.08637336016 -0.02331125671
-0.01585806887 0.0002174016173
-0.08938866266 -0.03292587558
-0.09056020646 -0.04392795399
-0.08988747902 -0.05598716821
-0.08740139702 -0.06871878058
-7.694383669e-34 -7.889082475e-32
-2.171715872e-32 1.739734308e-34
-0.002557883925 -0.04506231887
-2.346983371e-34 -3.563942501e-32
-1.110451574e-32 1.675296448e-35
-0.01618215962 0.0001098672267
-0.01763145015 -0.09541481755
-0.008938177964 -0.07593199731
-0.02747786907 -0.1058534482
-0.0376968067 -0.1092708876
-0.04392563996 -0.0008818801422
-0.0309055138 -1.776478191e-06
-0.06442191902 -0.006515189703
-0.05511796683 -0.002962735828
-0.04763850627 -0.1073311876
-0.05687455854 -0.1014401749
-0.07182367609 -0.01168908341
-0.07733139328 -0.01850639661
-0.06502318041 -0.09276487227
-0.07184803316 -0.08227902606
-0.08095702989 -0.02688275912
-0.0827236746 -0.03662675787
-0.07713571469 -0.07080028513
-0.08264697801 -0.04745923943
-0.08076964279 -0.05900386058
-0.04311290978 -0.001749200646
-0.05292380294 -0.08909728265
-0.0443753047 -0.09476157756
-0.05345689471 -0.004373606013
-0.0351239723 -0.09687944814
-0.02557978446 -0.0941520002
-0.06175568697 -0.00847371103
-0.01639172706 -0.08506860299
-0.008277438465 -0.06781528645
-0.0680439931 -0.01414767389
-0.002367205182 -0.04027727417
-0.0723778729 -0.02132640697
-0.01628755714 6.086518175e-07
-0.06038682747 -0.08094557809
-0.06653566399 -0.0712241228
-0.07480494645 -0.02987300545
-0.07537350609 -0.039517521
-0.07413895981 -0.04993217731
-0.07115802941 -0.06067117776
-0.03070640387 -0.0004218535565
-6.023484301e-34 -6.322901655e-32
-2.295719127e-32 1.495488777e-34
-0.00218506389 -0.03584289297
-1.768809213e-34 -2.839236646e-32
-1.141490492e-32 1.403695154e-36
-0.01618407603 -0.0001101983275
-0.007683963255 -0.06024444991
-0.0152193982 -0.07540303067
-0.03264556902 -0.08525604236
-0.02378111983 -0.08319123247
-0.04177730031 -0.002583663251
-0.03012512829 -0.0008235330217
-0.05842262749 -0.01025175737
-0.05118490161 -0.005682399897
-0.04905637941 -0.07752016211
-0.04121085731 -0.08297237376
-0.06358477456 -0.01628841871
-0.06676418686 -0.02367384831
-0.05582138398 -0.06988207042
-0.06127032254 -0.06088884027
-0.06749506589 -0.04150445
-0.06804009906 -0.03218395235
-0.06520215022 -0.05123527059
-0.03025448803 -0.07441134336
-0.02205157 -0.07297313348
-0.04834060232 -0.006874907284
-0.01411484238 -0.06640541501
-0.05449302122 -0.01179746771
-0.007110377437 -0.05322962091
-0.002023390116 -0.03174190344
-0.05853622427 -0.01806635473
-0.06060358676 -0.02547444734
-0.01586467338 -0.0002164335205
-0.03812368178 -0.07197152053
-0.06080495451 -0.03374783778
-0.05924196818 -0.04250385068
-0.05603420659 -0.05129933483
-0.05130651271 -0.05958544378
-0.02915785477 -0.001218167075
-0.04526149963 -0.06673256039
-0.03994644665 -0.003357882788
-4.846502146e-34 -4.995767779e-32
-2.295882854e-32 1.125803351e-34
-0.001867744035 -0.02794300987
-1.365324034e-34 -2.224105461e-32
-1.111118841e-32 -1.406702018e-35
-0.01534191108 -0.0003212221372
-0.01306319999 -0.058035723
-0.006588126233 -0.04670281075
-0.02040273705 -0.0634577512
-0.02793881231 -0.06431692947
-0.02784234709 -0.001575710625
-0.0376582436 -0.004063083977
-0.05005178317 -0.0130752431
-0.04499571329 -0.007904099827
-0.03511439834 -0.06174460034
-0.04152470733 -0.05671986671
-0.05301073194 -0.01941464628
-0.05403289078 -0.02666878442
-0.04683211398 -0.05005621746
-0.05080572763 -0.04245081296
-0.05325204666 -0.03448717327
-0.04121602675 -0.008756747235
-0.006081145659 -0.04067050605
-0.04520041881 -0.01403748023
-0.00172753206 -0.02443182095
-0.04713004606 -0.02029533092
-0.01462438375 -0.0004152337116
-0.0471941163 -0.02719996496
-0.01880571772 -0.05464523083
-0.04555494395 -0.03435944129
-0.04236583922 -0.04130302554
-0.03782589035 -0.04749372872
-0.02618951118 -0.001909423409
-0.03215381894 -0.05229669595
-0.03496785411 -0.004670468824
-0.02568736583 -0.05497472411
-0.01206428211 -0.05027968384
-3.987500502e-34 -3.866707094e-32
-2.172028475e-32 6.550695116e-35
-0.001591672993 -0.02118575737
-1.073340028e-34 -1.700815769e-32
-1.021839596e-32 -2.840807375e-35
-0.01372672303 -0.0005046600672
-0.00561299225 -0.03508004034
-0.0111037995 -0.04310680955
-0.02348185515 -0.04636298025
-0.01726641737 -0.04650090511
-0.02425459037 -0.002188367513
-0.03193002053 -0.005173592144
-0.04004837828 -0.01465430797
-0.03709719156 -0.009389980159
-0.02923402603 -0.04361145056
-0.03413968929 -0.03904434695
-0.04103025511 -0.02065634631
-0.03788686751 -0.03332273043
-0.04024981089 -0.02702861171
-0.03472247326 -0.01488807466
-0.01267379876 -0.0005772903567
-0.001467330168 -0.01819344664
-0.03485816846 -0.02047392966
-0.03336004191 -0.02612888822
-0.01017944526 -0.03650571218
-0.03044161286 -0.0313782815
-0.02632031395 -0.03569728683
-0.02206438988 -0.002426264039
-0.02130703224 -0.03848205224
-0.01575533368 -0.03902826019
-0.02862588142 -0.005544019398
-0.005154930703 -0.02993714383
-0.03273069443 -0.009792082798
-3.347883685e-34 -2.905992996e-32
-1.934365049e-32 1.110780395e-35
-8.544280724e-35 -1.256458207e-32
-0.001345862829 -0.01543844103
-8.813534887e-33 -4.026463799e-35
-0.01148153929 -0.0006420725345
-0.009276350495 -0.03045571271
-0.004723984255 -0.02520207537
-0.01913922118 -0.03132039029
-0.01427332183 -0.03220042093
-0.0251252184 -0.005777822023
-0.01968907086 -0.002593565906
-0.02823027079 -0.009929244717
-0.02935098128 -0.0147193765
-0.02340007549 -0.02854040948
-0.02670272343 -0.02449639407
-0.02876310557 -0.01972198087
-0.01019140513 -0.0006844543028
-0.02290514517 -0.01840365876
-0.02043961791 -0.02215655017
-0.01696206175 -0.02488032279
-0.01278922999 -0.02602879741
-0.01717203882 -0.002702813756
-0.008389570928 -0.02495214545
-0.02153132689 -0.005849897742
-0.004295938689 -0.02088311482
-0.001232166177 -0.01291363613
-0.02370883419 -0.00979322177
-0.02407508111 -0.01412983801
-2.873456635e-34 -2.091714749e-32
-1.603573342e-32 -4.708578793e-35
-0.001119559818 -0.01060736192
-6.822681693e-35 -8.817489717e-33
-7.025516554e-33 -4.80837685e-35
-0.008819645094 -0.0007156583077
-0.003882702644 -0.01695257788
-0.007502941664 -0.01998533867
-0.01475057029 -0.01916293728
-0.01130165938 -0.02049503643
-0.01459422878 -0.002729067445
-0.01792560676 -0.005759517431
-0.01928839008 -0.00936677736
-0.01743096707 -0.01653563405
-0.01903202586 -0.01311915472
-0.01249693958 -0.01417064711
-0.009779599441 -0.01562108819
-0.001010637565 -0.008519021553
-0.006610178517 -0.01555961345
-0.01201541813 -0.002681801453
-0.003462220127 -0.01342515818
-0.01442561578 -0.005489976705
-0.01509413314 -0.008650268682
-0.007423846117 -0.0007197583948
-0.01435884488 -0.01170386671
-2.525855769e-34 -1.408527009e-32
-1.2107756e-32 -1.039993223e-34
-0.0009005546905 -0.006640802889
-5.328253842e-35 -5.707836111e-33
-5.033718562e-33 -4.998871137e-35
-0.006019171632 -0.0007095973346
-0.005694252092 -0.01167702528
-0.003043731431 -0.01028432914
-0.01018765068 -0.009919415141
-0.008227237448 -0.01139369071
-0.009520432773 -0.002545465423
-0.01111801636 -0.005045651546
-0.01124016687 -0.007655201345
-0.002604849889 -0.007554756057
-0.007182939589 -0.002324323594
-0.0007895095274 -0.004981970817
-0.008119012778 -0.004427798743
-0.004677745687 -0.0006693034286
-0.007847914348 -0.006403675467
-0.006624058946 -0.007844976859
-0.004753543351 -0.008347990105
-2.273937829e-34 -8.478954233e-33
-7.970191641e-33 -1.530212517e-34
-0.0006737868623 -0.003537434744
-3.810222616e-35 -3.214518041e-33
-3.063516659e-33 -4.391609699e-35
-0.003411553551 -0.0006117957443
-0.003775282224 -0.005586350473
-0.002157893038 -0.00522643001
-0.004999196412 -0.004957420003
-0.00507906464 -0.002020190841
-0.005510352323 -0.003652105242
-0.003290905044 -0.001632107098
-0.003378872063 -0.002757168075
-0.002301040229 -0.0005248740593
-0.002780011437 -0.003395878385
-0.00167983354 -0.003337771848
-0.0005530572212 -0.002327128467
-2.020487913e-34 -4.101966807e-33
-4.126200203e-33 -1.804001236e-34
-1.811194891e-35 -1.360694619e-33
-0.0004250572386 -0.001348294283
-1.375032093e-33 -2.643513206e-35
-0.001352922937 -0.000420492476
-0.001199450668 -0.001875405937
-0.001778289469 -0.001788354785
-0.001866215248 -0.001193457117
-0.0006455273993 -0.0002970945572
-0.0007001668623 -0.0008743013715
-0.0002940734796 -0.0006314768487
-0.0008693674527 -0.0007056524721
-1.132793431e-33 -1.665053248e-34
-1.607674558e-34 -1.05040851e-33
-0.0001607513713 -0.0001609307235
7.718916671e-36 -2.168338194e-34
-2.386314496e-34 1.692962721e-36
-0.0002658438084 -0.000268992562
-0.000165484827 -0.0001656534312
5.3021991e-05 -4.952162528e-05
-4.743558032e-05 5.528201945e-05
4.47023952e-34 -9.548190189e-35
-8.875081995e-35 4.634698071e-34
2.536716237e-35 1.633735466e-34
4.847591501e-05 4.847591678e-05
1.593105908e-34 2.363535364e-35
2.227402109e-64 2.22302401e-64
1.901398773e-34 1.901029133e-34
1.901398773e-34 1.901029133e-34
