1
1.915318421e-32
1
1
1
0.3409538355
0.1518933186
-2.886713172e-32
-2.428583918e-32
-0.04892809343
0.5528055393
0.4574477201
1
1
0.03286280168
-0.05295323387
0.1382502852
-0.02771519428
3.83154507e-33
3.716464475e-34
-0.006303125311
1
1
0.675753406
0.626355792
0.0846619621
0.006967031424
0.2522516065
0.3431181073
-0.005354172006
-0.03908046589
-0.01158616154
-1.21583638e-33
-0.03636189467
-0.03705359219
-4.298152626e-34
0.7468340064
0.715650355
1
1
0.4191408838
0.4788528728
0.2313073238
0.1586843179
-2.697250729e-34
-0.01074666252
-0.008289709714
-2.650377047e-34
-0.02936393485
-0.04898140221
0.04706835613
-0.05061521749
-0.003679388084
-0.03345018829
-0.03879945679
0.792049281
0.7718832536
1
1
-3.890949243e-35
-0.006600677219
-8.885507576e-35
-0.005257986325
0.3520039005
0.2955453386
0.5700873962
0.5291959874
-0.01268101947
0.1049886393
0.02748918258
0.1621750021
-0.04287302502
-0.02170229097
-0.02506708667
-0.0467931026
-0.0427008078
-0.05321661714
-0.05742480319
0.8231597121
0.8090495187
1
1
0.4438549129
0.401063313
0.6051831035
0.6345092302
-0.003970720868
-5.655600829e-35
-0.004507687203
-6.266801032e-35
-0.01607257955
-0.01836629303
-0.03414866432
-0.0385899601
0.07142509048
0.2164368676
0.1174613345
0.2657403273
-0.01960257692
-0.05328947719
-0.05629432095
0.01167498704
-0.05701350443
-0.06198277458
-0.04529773733
1
0.8455202466
0.8352277156
1
0.513577317
0.4811011751
0.6598403567
0.6814055745
0.2044717076
0.1619758303
0.3509079504
0.3107696949
-0.003053251229
-3.762589734e-35
-2.534941843e-35
-0.003473498816
-0.01400284316
-0.01245603433
-0.02725362458
-0.03050102026
-0.06277522678
-0.06090272237
-0.0492606385
-0.04538220955
-0.06554075795
0.047325525
-0.02588077702
-0.05920412621
-0.0486337368
0.08463528714
-7.008713681e-05
0.8621320665
0.8544317401
1
1
0.7002589583
0.7165339478
0.5669933292
0.5420306982
0.2803275028
0.2439107636
0.4191896228
0.3870809926
-2.477525508e-35
-0.002457068102
-1.703271567e-35
-0.002723391023
0.02882339363
0.05970174512
0.1580391732
0.1219622903
-0.02458702763
-0.011084228
-0.01002545854
-0.0222679471
-0.05467383691
-0.05808014346
-0.03819361802
-0.04152719833
-0.06187983994
-0.06881068924
-0.06757681946
-0.01069420769
-0.05215610506
-0.06714626564
-0.03189679477
0.8747023415
0.8688503648
1
1
0.6083620108
0.5889791502
0.7308582645
0.7433222968
0.3135715531
0.4735892026
0.4480062714
0.3438381096
-1.768021772e-35
-0.002051007938
-1.254760889e-35
-0.002235012696
0.2245663098
0.09077819881
0.121482595
0.1924213378
-0.02033275676
-0.01865276477
-0.009085014756
-0.008338542789
0.03890577112
0.01332761061
-0.02027957047
-0.03802439401
-0.0324885309
-0.04808583183
-0.03511217089
-0.05134878399
-0.05649882366
-0.07231714171
-0.07197571704
-0.06286354619
-0.07261590243
-0.06531112373
-0.0649040189
0.8842790432
0.879816427
1
1
0.6406072662
0.6254841651
0.7543247396
0.7639246698
0.3960554159
0.3712604752
0.5168768676
0.4965184161
-1.312716146e-35
-0.001758642724
-9.515467712e-36
-0.001892612031
0.282043761
0.1791074549
0.1510008929
0.2545074333
-0.01600055165
-0.01723609698
-0.00767362522
-0.007129798137
0.09102449646
0.02096324021
-0.0003947035602
0.0650555529
-0.02809282657
-0.04511879245
-0.04236400637
-0.03011730649
-0.06148534395
-0.06870367522
-0.02981314465
-0.04451742346
-0.06006892792
-0.07639418061
-0.07023043327
-0.05728355226
-0.07794077306
-0.07188435934
-0.07629177424
0.8915363465
0.8881638639
1
1
0.665731505
0.6539606332
0.7723874181
0.7797492387
0.4385102366
0.4184077375
0.5512145872
0.53508374
0.2300921925
0.2054877751
0.3073647185
0.3304168284
-0.001641512172
-1.019073806e-35
-0.001540534482
-7.629000386e-36
-0.01400413393
-0.01493992783
-0.006640756051
-0.006230209644
0.0647839289
0.1163410135
0.1405966293
0.04283181374
-0.0246961687
-0.03765568987
-0.03990293094
-0.02627032862
-0.05153946346
0.004479969617
-0.01325218558
-0.03935504585
-0.05451732229
-0.05193343918
-0.06585314899
-0.06817545133
-0.08341078144
-0.06735215123
-0.07326985552
-0.07728619252
-0.08113201879
-0.08101256973
-0.07808570221
0.8969186014
0.8944374637
1
1
0.6851190668
0.6760723369
0.7861920386
0.7917364934
0.4726290704
0.4565314943
0.5782149793
0.5655720316
0.3703658956
0.2737535157
0.2528378336
0.3514157629
-0.001450303941
-8.185958722e-36
-0.001370743964
-6.233507785e-36
0.1636145561
0.1070447289
0.08626782525
0.1851870462
-0.005534599636
-0.01245337529
-0.01318588329
-0.005856415787
-0.02202205779
-0.03381488673
-0.03564737009
-0.02327202413
0.02278033416
0.04118039726
-0.01103317971
-0.02571259601
-0.04947404796
-0.04721629741
-0.06112155959
-0.06349561343
-0.07399028535
-0.07870231058
-0.04927953363
-0.05919215925
-0.08435444585
-0.08663916699
-0.0758684374
-0.08924087002
-0.08423548292
-0.07411529025
-0.08621515505
0.9007208779
0.8989992576
1
1
0.6997305166
0.6929720612
0.796510136
0.8005217692
0.4995834506
0.4869385534
0.5990561479
0.5893625642
0.31019272
0.2928528092
0.3874624663
0.4027283607
0.2052858255
0.145490122
0.1268250893
0.2238113752
-5.126530821e-36
-0.00129834827
-6.753817135e-36
-0.001233105637
-0.00497537385
-0.01120655072
-0.01180051326
-0.005237397094
0.05931615654
0.01942925889
0.07689086113
0.004115474226
-0.01985891037
-0.03064327847
-0.03216225784
-0.02087973363
-0.04509388083
-0.04314454682
-0.05661185621
-0.05883340074
-0.03812453009
-0.06750817924
-0.05957231086
-0.02613992147
-0.08345317487
-0.07213783694
-0.07008076132
-0.08217698638
-0.09287921108
-0.09205175266
-0.08145244801
-0.08495558205
-0.09552289675
-0.09079834851
-0.09129326907
0.903133778
0.9020876471
1
1
0.7102257062
0.7054578162
0.8038615503
0.8065283021
0.5202785341
0.5106656252
0.614582031
0.6074543016
0.4282774319
0.3397966559
0.3258204048
0.4163254363
0.2408013607
0.1790071048
0.1629008944
0.2562111887
0.09370665076
0.04922926665
0.03453411901
0.1095827329
-0.001117284675
-4.200522423e-36
-0.001172765949
-5.688500368e-36
-0.004508628371
-0.01016818629
-0.004729808033
-0.01066704512
-0.01805415642
-0.02796529914
-0.02925528211
-0.01891408374
-0.01371443494
-0.001156376633
-0.041003229
-0.05064400148
-0.04131116047
-0.05247304228
-0.03961321465
-0.05450104338
-0.06796654618
-0.0806138636
-0.07882999679
-0.06587085197
-0.07647916152
-0.09200361468
-0.08961966989
-0.07034211845
-0.09101531529
-0.09019263823
-0.09849098521
-0.09852691598
-0.1022832005
-0.09983325332
-0.09757718211
1
0.9042685515
0.9038511347
1
0.7170397717
0.7140696892
0.8085851197
0.8100213228
0.5353793944
0.5284940309
0.6253761384
0.6205527628
0.3630045846
0.352173673
0.4387118359
0.4476452793
0.2824530198
0.2701014939
0.2071160858
0.1937504971
0.1244234407
0.07656705408
0.06328219239
0.1381202084
-0.001016581902
-3.398784935e-36
-0.00106525232
-4.864685634e-36
0.01126669893
-0.02088190699
-0.03100971536
0.02333778939
-0.004298483688
-0.004105701528
-0.009274344761
-0.009707083605
-0.01650089257
-0.02564423046
-0.0267693574
-0.01724759941
-0.05054606602
-0.03800593156
-0.04869407506
-0.03650039832
-0.08150580329
-0.06336617895
-0.05581846871
-0.0860487834
-0.07693303931
-0.06378285722
-0.06174361886
-0.07494322132
-0.08896073598
-0.0986771596
-0.08744967343
-0.09819116701
-0.1059795869
-0.09843763771
-0.09974995953
-0.105526258
-0.1094932345
-0.1073987111
-0.1046785338
0.9041698358
0.9043665513
1
1
0.810879224
0.8111378764
0.7204280494
0.7191487302
0.545340773
0.540980351
0.6318102594
0.6291304878
0.4613024084
0.3802022438
0.3723340796
0.455173587
0.2933279645
0.2296594032
0.219085657
0.3027160121
0.08894480968
0.1506351115
0.100338659
0.1619020225
-4.205961206e-36
-0.0009266427227
-2.693138999e-36
-0.0009704192063
0.03488398962
-0.001162936321
-0.01087974051
0.04575670984
-0.003920387039
-0.003747819048
-0.008482398502
-0.00886828948
-0.07057757432
-0.04796150289
-0.07628398558
-0.04000740065
-0.01512567758
-0.02358004027
-0.02458654583
-0.01579183801
-0.04692423222
-0.03506294022
-0.03370082286
-0.04521539981
-0.07291733314
-0.0597325855
-0.07085666637
-0.05777345161
-0.108095213
-0.09302780512
-0.09612923107
-0.1077578962
-0.08384303303
-0.09592687061
-0.09724646291
-0.08571835897
-0.1121082757
-0.1064248497
-0.1154780824
-0.1130581959
-0.1136174234
-0.1170809536
-0.1062011862
0.9028193643
0.9036469899
1
1
0.7204890941
0.720870103
0.8108224449
0.809899654
0.5484831059
0.6340728483
0.6334649483
0.5504291844
-3.664299247e-36
-0.0008446021131
-2.065896353e-36
-0.0008847520418
0.4695559111
0.3916745131
0.3866409589
0.4660990858
0.3171810207
0.3106705757
0.2466197165
0.2388363087
0.1806240018
0.171912599
0.11988445
0.1106676193
0.05584903159
0.01676246886
0.008088810844
0.06505976322
-0.003580392055
-0.003422629537
-0.007764018543
-0.008115854065
-0.03215257876
-0.0585897859
-0.06462634178
-0.02455733789
-0.01387878139
-0.02262242452
-0.02170231091
-0.0144864837
-0.0893513092
-0.1065985271
-0.1047679908
-0.08528085541
-0.04357039577
-0.03238919782
-0.04197317045
-0.03113359462
-0.06671849198
-0.05396338102
-0.05584539444
-0.06879214419
-0.09252006408
-0.0943371978
-0.08184603839
-0.07977408297
-0.1209939215
-0.1174558423
-0.1239251947
-0.1168983488
-0.1141778588
-0.1042626563
-0.1249445826
-0.1142583347
-0.1054412543
-0.1213856468
-0.1197787341
0.9001315866
0.901641453
1
1
0.7171702667
0.7192570475
0.8083792269
0.8062118401
0.5507342275
0.5511796838
0.6321803384
0.6336580517
-3.208530094e-36
-0.0007685181076
-1.501929635e-36
-0.0008059138178
0.3975835276
0.3953198305
0.4717142237
0.4725508496
-0.003268479475
-0.003121870379
-0.007100276803
-0.007426631853
0.3259723733
0.3222870948
0.2580160516
0.2530132283
0.1279425532
0.1880404178
0.1348107315
0.1941303175
0.08057434761
0.07332482831
0.03193362782
0.02473715375
-0.01736190475
-0.04693690011
-0.01068421098
-0.052651919
-0.01329086823
-0.02081840694
-0.01996266429
-0.01272674906
-0.08099947994
-0.09981642858
-0.1024612491
-0.07665657583
-0.03891441798
-0.0404250987
-0.02991577581
-0.02874040681
-0.1166024723
-0.1173109785
-0.1273536988
-0.1260105388
-0.06465356434
-0.0625908513
-0.05210958484
-0.05029450262
-0.08841626292
-0.0905391452
-0.07545332385
-0.0776330539
-0.1009464798
-0.1027389268
-0.1135282026
-0.1123980171
-0.1329571014
-0.1276093666
-0.1325922781
-0.1291865798
-0.129189471
-0.1220971
-0.1220702084
0.8959401149
0.8982261151
1
1
0.7102569142
0.7141783347
0.8033918268
0.7998476861
0.5461681139
0.5490718749
0.6259726689
0.6296395049
0.4702681097
0.3979564151
0.3984667075
0.4720825151
-2.817242876e-36
-0.0006969807483
-9.83750625e-37
-0.0007322767034
-0.002977816528
-0.002839750064
-0.006478157698
-0.006785004204
0.3291262795
0.3282606569
0.2638446078
0.2616296863
-0.01217755304
-0.01164680752
-0.01832807956
-0.01913450188
0.14046184
0.2023230903
0.1989003793
0.1448717458
0.03827213624
0.09186352103
0.08677050199
0.04369649763
0.0007413732537
-0.04158012112
-0.004621317636
-0.03667522931
-0.09699740035
-0.06833563641
-0.09412074047
-0.07239619865
-0.03599983084
-0.0264806574
-0.03744216971
-0.02759400554
-0.115480737
-0.1283491196
-0.1140705051
-0.1280975243
-0.05849999028
-0.06054158016
-0.04850392442
-0.04674588808
-0.1375021805
-0.1352578801
-0.1413055062
-0.1372814144
-0.07099645206
-0.08387733502
-0.0732340868
-0.08619179122
-0.09673069694
-0.09892648048
-0.1090495892
-0.1108868162
-0.1369115242
-0.1214279743
-0.1298677713
-0.1202781781
-0.1354680116
-0.1297843622
-0.1409739743
0.8899713895
0.8931849807
1
1
0.699342958
0.7053286592
0.7955566901
0.7904152138
0.5364525615
0.5419792429
0.6150921852
0.6211542698
0.4625158166
0.3926753512
0.3960376111
0.4670999439
-2.474107791e-36
-0.0006288334412
-4.882106109e-37
-0.0006625932979
0.3285760068
0.2640455223
0.2646569885
0.3265726805
-0.002703405707
-0.00257179761
-0.005888031897
-0.006179910293
-0.01112750148
-0.01062266365
-0.01677539281
-0.01754319992
0.2044019444
0.1498956925
0.2051093423
0.1480239518
-0.03320154345
-0.02539016607
-0.03458838616
-0.02432604725
0.04815533806
0.05160765052
0.09863559801
0.09583081265
0.009108683769
-0.02857838327
-0.03231828301
0.005338308545
-0.06122724975
-0.06458317735
-0.08867626478
-0.09131597042
-0.1125004654
-0.1108745883
-0.1278674732
-0.1282398193
-0.04330078206
-0.05445846266
-0.05647381036
-0.04500936069
-0.1470417296
-0.1444605997
-0.1387743342
-0.139830891
-0.06647242082
-0.07906600247
-0.08149985632
-0.06873738152
-0.1432271549
-0.145762245
-0.1498887695
-0.1488401669
-0.1046337822
-0.1069534015
-0.0943827871
-0.09191943241
-0.1186995818
-0.1290693921
-0.1372253177
-0.1278117784
-0.1374517626
-0.1167683116
-0.144427909
0.881797749
0.8861745954
1
1
-2.164506014e-36
-0.0005629686942
1.617333773e-38
-0.0005957590093
0.6837770214
0.6921880373
0.7843796887
0.7772978156
0.5210916838
0.5295192836
0.5989426931
0.6077320947
0.3814672717
0.3878386066
0.4564826546
0.4489132579
0.3231055635
0.2584861305
0.2620002662
0.3181248153
-0.002441110531
-0.002314025347
-0.005321799309
-0.005602681141
0.2044427721
0.1497424325
0.1504767201
0.2023729827
-0.01602453981
-0.01012644574
-0.009641342295
-0.01528691556
-0.03049924604
-0.02328025364
-0.03184014104
-0.02225562938
0.1002637912
0.05402229833
0.05536835271
0.1006879032
-0.03994665736
-0.05047355247
-0.05245958815
-0.04161150556
-0.02552037822
0.01399966655
-0.02319392789
0.01200963701
-0.0842537552
-0.05600227006
-0.08629853936
-0.05834583837
-0.1267482862
-0.107846042
-0.127342811
-0.1092960382
-0.1410291273
-0.1405546699
-0.1491442445
-0.1508424286
-0.07409004502
-0.0619262286
-0.0765946935
-0.0641980908
-0.1564413928
-0.1538020844
-0.15815694
-0.1534273209
-0.1021375299
-0.08935478228
-0.08671584637
-0.0994886832
-0.15639198
-0.1507335145
-0.1516026607
-0.1447370763
-0.126105819
-0.1240133903
-0.1145361915
-0.1120586653
-0.1349136614
-0.136345801
-0.1442743257
0.8707564742
0.876661783
1
1
0.6625721954
0.6739519462
0.7690980378
0.759551873
-1.872688027e-36
-0.0004981752533
5.719704253e-37
-0.0005306356025
-0.002186939596
-0.002062311883
-0.004771514382
-0.005045439628
0.4993293276
0.5110728236
0.5766231073
0.5886347691
0.3638942519
0.3735155232
0.4397472145
0.4288680119
0.311602347
0.2469579333
0.2534886113
0.3034761241
0.1988908503
0.1442860685
0.1939665548
0.1476880168
-0.0145622243
-0.00916215115
-0.008690812202
-0.01384702028
0.09989905191
0.05478636685
0.05563081238
0.0978785148
-0.02025162945
-0.02787608747
-0.0291793225
-0.02124540639
-0.03667279387
-0.0465490952
-0.03829914435
-0.0485044461
0.01505288223
-0.02088719245
0.01514464114
-0.0216383342
-0.07156576352
-0.06902438976
-0.05738860788
-0.05965340354
-0.08141601294
-0.08260936569
-0.05312801529
-0.05424935579
-0.1261704819
-0.105623399
-0.1256739605
-0.1066023481
-0.1522221127
-0.1415614801
-0.1413422762
-0.1533493886
-0.1652796884
-0.1590065665
-0.1619660686
-0.1611831953
-0.08401139314
-0.09672094744
-0.09385118877
-0.08126175569
-0.1578401418
-0.165926234
-0.1634678984
-0.1614443315
-0.1189186234
-0.1065143412
-0.1216028891
-0.1093709088
-0.1414785079
-0.1508191393
-0.1515903536
-0.1307072369
-0.1330090221
-0.1582917256
-0.1431589047
0.8557943904
0.8638138757
1
1
0.6342596379
0.6494166422
0.7485481616
0.7357327569
0.4700913054
0.4857335536
0.5468271049
0.5627742282
-1.578802593e-36
-0.0004330266099
1.235929975e-36
-0.0004659188249
-0.001936520372
-0.001811958713
-0.00422839039
-0.004499921532
-0.01243956032
-0.01314063229
-0.008222375166
-0.007758243528
0.3393502406
0.3525465441
0.416185357
0.4015506099
0.2937021417
0.2291907861
0.238879817
0.2822099785
0.1797237065
0.1875860545
0.1334211827
0.1395399884
0.0946223525
0.04976364701
0.05283579403
0.09012360661
-0.01829611468
-0.01926815111
-0.02531501801
-0.02658937897
0.01426333071
-0.02186654951
-0.0209570125
0.01240177224
-0.04268439738
-0.03346716697
-0.03506132035
-0.04461015514
-0.06647583991
-0.05512835819
-0.06392131486
-0.05287915482
-0.05266947401
-0.08053576375
-0.08071427482
-0.05289306514
-0.07565834665
-0.08789178729
-0.09090415881
-0.07847231779
-0.1251551523
-0.1253202524
-0.1046568374
-0.10496296
-0.1551093445
-0.1542940912
-0.1419731344
-0.1417556132
-0.164625789
-0.168157598
-0.1630394933
-0.1706475444
-0.1685179008
-0.1733631091
-0.1730183483
-0.1698865386
-0.1129130183
-0.1003995525
-0.1160112056
-0.1035134349
-0.1578870594
-0.1643928575
-0.1643604865
-0.1699059803
-0.1567371298
-0.1474125682
-0.1367570098
-0.1280659386
-0.13932276
-0.1251425388
-0.1493949897
0.8351693213
0.8462866495
1
1
0.5966604084
0.6167939903
0.7209382679
0.7035829312
0.4319152985
0.4522446193
0.5076978383
0.5285887228
-1.255441179e-36
-0.0003658221804
2.081379039e-36
-0.0004000488265
0.3658825207
0.3070808489
0.3242474022
0.3848425837
-0.003956656442
-0.001684742362
-0.001557431881
-0.003682172286
-0.01104607657
-0.01174262748
-0.007293418532
-0.006828854639
-0.01732951046
-0.01636854679
-0.02279588035
-0.02405200294
0.2689439094
0.2048957016
0.2178868521
0.2538361196
0.1703653907
0.1170973686
0.1595004309
0.1259485123
0.07742261523
0.08438626706
0.04031081888
0.04559004029
-0.02618752058
0.009562948324
-0.02360916353
0.005761246627
-0.03887218601
-0.03031354046
-0.040772982
-0.03188424841
-0.05541627394
-0.05380992818
-0.08180512908
-0.08089520626
-0.04840643969
-0.05063713938
-0.0613676114
-0.05881451383
-0.08173352998
-0.08483221633
-0.06997644018
-0.07282270539
-0.1047360567
-0.1255261736
-0.1052131032
-0.1252149762
-0.09718980195
-0.09390782455
-0.106281666
-0.1096619242
-0.1565396677
-0.1558454213
-0.1426509229
-0.1422623265
-0.1746550722
-0.1728002138
-0.1671901158
-0.1659973695
-0.1790406819
-0.1764035371
-0.1770049386
-0.1805075746
-0.1702475721
-0.1755577679
-0.1792626421
-0.1748566206
-0.1219790809
-0.1186195861
-0.1306490109
-0.1338493613
-0.1696734526
-0.1549509138
-0.1619198953
-0.1634987676
-0.152613895
-0.1449513607
-0.1420850248
0.8059953195
0.8218045881
1
1
-8.627933318e-37
-0.000294623839
3.199896187e-36
-0.0003311883286
0.5464670971
0.5734236631
0.6833837331
0.6594153061
0.3829130912
0.4089343727
0.4566692941
0.4838908381
0.2662630915
0.2878143845
0.3445216173
0.3205697985
-0.003404561262
-0.001425625486
-0.001292404
-0.003121022952
0.2368289326
0.1738585852
0.1902428882
0.217885244
-0.005885484703
-0.00964491312
-0.010348187
-0.00635930376
-0.01540703883
-0.01444435363
-0.02029349156
-0.02154468033
-0.02718928787
-0.03509665511
-0.03698158163
-0.02874871796
0.1471248172
0.09539469983
0.1069159015
0.1332628075
0.05991846258
0.0692514661
0.02659252181
0.0339734678
0.00101781584
-0.03373337109
-0.02956810659
-0.004623161944
-0.08325337342
-0.05770229776
-0.06063680925
-0.08523154536
-0.05372027269
-0.0562659975
-0.04618247548
-0.04396705815
-0.1060964915
-0.1260993158
-0.1073732991
-0.1269404359
-0.06426125083
-0.07546208484
-0.07860857315
-0.06712019621
-0.09056518979
-0.08717919445
-0.09923525342
-0.1028004463
-0.1438125084
-0.1431659054
-0.1572206749
-0.1579080965
-0.1150947555
-0.1114380988
-0.1235630252
-0.1272079113
-0.1762487798
-0.177608656
-0.1691747598
-0.1682431122
-0.1861825279
-0.1835582127
-0.1832481986
-0.1813146329
-0.1831525304
-0.1865430523
-0.1845067326
-0.1803061526
-0.1741134166
-0.1802823663
-0.1752675809
-0.1683092833
-0.1353741556
-0.1569978321
-0.1388735168
-0.1597232172
-0.1498109807
-0.14660815
-0.1662586848
0.762071081
0.7863853616
1
1
-3.41111569e-37
-0.0002175344764
4.680492123e-36
-0.0002573210411
0.478772993
0.5152772038
0.6313103379
0.5972766989
-0.001152611556
-0.002532400129
-0.002831228715
-0.001010424378
0.3208805853
0.3537240453
0.3902754334
0.4256852203
0.2162021928
0.2424596406
0.2938602602
0.2642894198
0.1969718623
0.1361409772
0.1558367458
0.1741290121
-0.004909388909
-0.008211691748
-0.008934106345
-0.005401864299
0.1179376442
0.06865697506
0.1012488919
0.08263341191
-0.01347402867
-0.01249491774
-0.01777710698
-0.01903939438
-0.02562845066
-0.02406441781
-0.03133232901
-0.03321536717
-0.03954480362
-0.04863766368
-0.05117864763
-0.04175463019
0.04946980873
0.00901229418
0.0380068612
0.01825677699
-0.01111518663
-0.04416967875
-0.03861563061
-0.01837088988
-0.09061749162
-0.06418568896
-0.08769729834
-0.06828308212
-0.1280328999
-0.1110196188
-0.1090283546
-0.1293603548
-0.06913104042
-0.05853455264
-0.07230236214
-0.06139810237
-0.144595632
-0.1593183491
-0.1586072304
-0.1454957961
-0.08030997321
-0.08375685707
-0.09192560778
-0.09560653196
-0.1076715676
-0.1197536856
-0.1158070971
-0.1038199993
-0.1700059253
-0.1796977091
-0.1707351792
-0.1787541271
-0.1430714066
-0.1316319877
-0.12769115
-0.1392513179
-0.1902383045
-0.1861887449
-0.1884034755
-0.1848698297
-0.1894595902
-0.188174824
-0.1913235069
-0.1919128488
-0.1886132019
-0.1793307588
-0.1847298944
-0.1839620326
-0.1696656394
-0.1775705397
-0.1636218107
-0.1604803679
-0.1502622867
-0.1722117605
-0.1538207339
0.6918613255
0.7315926113
1
1
-0.0001768884345
3.707914573e-37
-0.0001338946619
6.499120775e-36
0.3868845849
0.4364382938
0.5568441281
0.5062684149
-0.0008599045586
-0.001906147974
-0.002224657777
-0.000707381828
0.2434969173
0.2843928648
0.3043286902
0.3498893544
-0.004402540664
-0.003883483589
-0.006722282439
-0.007475510125
0.1963724621
0.1569891335
0.1877422768
0.2317830702
0.1229952182
0.1493793617
0.09241252397
0.1149856358
0.08328104016
0.03772262935
0.0536558145
0.06426551337
-0.01150051175
-0.01048993033
-0.0152120603
-0.01650303989
0.02562251775
-0.01165484678
-0.0009906938749
0.01250918311
-0.02090250945
-0.02754446497
-0.02944403824
-0.02248996748
-0.04354899783
-0.035110851
-0.04609612961
-0.0373309728
-0.06595234968
-0.05279604967
-0.06276501046
-0.05566699377
-0.03477462222
-0.05028264057
-0.02630723462
-0.05687087309
-0.07286464285
-0.09752346516
-0.07781984253
-0.09391411047
-0.113305624
-0.1158100213
-0.1308764764
-0.1325396301
-0.1464946038
-0.1600218924
-0.1606969995
-0.1475451546
-0.07684157241
-0.07335853209
-0.08445517047
-0.08820637301
-0.1713637739
-0.1809751066
-0.17186845
-0.1804394373
-0.09989819779
-0.09592354862
-0.1076083721
-0.1117523116
-0.1351986216
-0.1235848398
-0.1309512731
-0.1193461751
-0.1872190829
-0.1879539975
-0.1916974001
-0.1927866967
-0.1569135562
-0.1463816304
-0.1529850442
-0.1422335608
-0.1939208308
-0.1939633792
-0.1961025674
-0.1954846663
-0.194724695
-0.1919446674
-0.1880087791
-0.1914733735
-0.1799603049
-0.1864936407
-0.1751150725
-0.182333822
-0.1629994252
-0.1665673761
-0.1720600456
0.5785787325
0.6406762344
1
1
-9.052878463e-05
1.334349237e-36
-4.703134753e-05
8.360235567e-36
0.2580247336
0.3292740879
0.4427448797
0.3662679552
-0.0005467023913
-0.0003883172362
-0.001243253901
-0.001578469509
0.1520701383
0.1994056767
0.1975756928
0.2538183636
-0.002801028605
-0.005160822397
-0.005950911376
-0.003347785975
0.09026155934
0.1244629746
0.1580099614
0.1178696436
-0.009457470464
-0.008404184478
-0.01256516901
-0.01390066739
0.06654733447
0.09517411866
0.0446575026
0.06889834695
0.04439720754
0.004266659088
0.02414376403
0.0211878613
-0.001167148675
-0.03407803556
-0.02274162367
-0.01507420931
-0.01766480314
-0.01929489604
-0.02369203961
-0.02562911243
-0.04363782695
-0.07081972391
-0.05266278737
-0.06376194876
-0.04099289539
-0.03062591349
-0.03842156405
-0.03287701168
-0.04702521158
-0.0595695958
-0.05636219419
-0.04991615962
-0.06986028834
-0.07688323329
-0.06634930867
-0.08068016816
-0.08304634369
-0.1052176902
-0.088376925
-0.1013250676
-0.1211432081
-0.1342706518
-0.1184613408
-0.1359992251
-0.1495945913
-0.1486041752
-0.1617804497
-0.1612977523
-0.1722298128
-0.1813437533
-0.1724012115
-0.1812839655
-0.103395643
-0.09190474804
-0.09912609326
-0.08785260761
-0.1883916831
-0.1935017589
-0.1885076569
-0.1938353591
-0.114998565
-0.1105656393
-0.1220140774
-0.1265473247
-0.1487565373
-0.133310252
-0.1378625831
-0.1442765397
-0.1966121589
-0.1988866821
-0.1977435294
-0.1972925896
-0.1644997695
-0.1684964217
-0.1590339692
-0.1547358569
-0.1969619997
-0.1966575379
-0.1943561368
-0.1986512044
-0.1812117581
-0.1900516163
-0.1929999828
-0.1733867982
-0.1878043495
-0.1841921325
-0.1769469358
0.281494454
0.4825259976
1
1
0.1076737396
0.1845186702
0.2855899846
0.1767310094
7.224699395e-36
-5.156719467e-06
2.30977885e-36
2.42132045e-05
-0.0002281558672
-8.593161389e-05
-0.0005792188749
-0.0009065869424
0.05179650029
0.1026417501
0.07316877258
0.1343170476
-0.001687476586
-0.003538112624
-0.004354396123
-0.002242901387
0.02221047791
0.05599860224
0.07656553153
0.03632821261
-0.007327151951
-0.006232762077
-0.00981702037
-0.01120382596
0.009844359581
0.03764483644
-0.002837515285
0.0205463481
-0.01600641508
-0.01431975607
-0.01973502208
-0.02172878338
0.003860062872
-0.02876894559
-0.01251219166
-0.01559931974
-0.02893311335
-0.05613594462
-0.04530289778
-0.04223520878
-0.07024516327
-0.06164639009
-0.08449863496
-0.07779926546
-0.03583007365
-0.02604570908
-0.03321179992
-0.02835000315
-0.09366289076
-0.112622017
-0.0986709228
-0.1090316899
-0.04989762244
-0.05314021603
-0.04118468541
-0.04411609046
-0.06282184057
-0.07306747517
-0.06923078294
-0.05927651735
-0.07966329633
-0.08377047124
-0.0904607175
-0.09481254697
-0.1261223216
-0.1376107213
-0.1237504308
-0.1390033495
-0.1510522005
-0.1504468918
-0.1620719235
-0.1621045805
-0.1723420812
-0.1805490417
-0.1811124027
-0.1719818357
-0.1932759817
-0.1882834448
-0.1937671802
-0.1876764309
-0.1015043159
-0.106062462
-0.1126594733
-0.1173787702
-0.1975219809
-0.1995243049
-0.1972767003
-0.1996475133
-0.1395919009
-0.1237882172
-0.1286087754
-0.1347381273
-0.1601417478
-0.1501602595
-0.1453567742
-0.1554805702
-0.1997947371
-0.1995007738
-0.1983736979
-0.2003795498
-0.1693634862
-0.1736029114
-0.1649507746
-0.1776534345
-0.1970608521
-0.1953397877
-0.1907892944
-0.1931414081
-0.184847713
-0.1878409747
-0.1812836032
0.1705363583
1
3.392020483e-05
7.869805002e-67
0.03215956202
0.03265592913
0.01452512258
0.00722195354
2.755945252e-05
-0.0002793359405
-0.002723265592
-0.001144982944
-0.000630140487
-0.008173911415
-0.005125198911
-0.00840814507
-0.01607067341
-0.02422573779
-0.01770829695
-0.01260287852
-0.03358849152
-0.04367495826
-0.0305613993
-0.02370677515
-0.05457158392
-0.06608739274
-0.09059173487
-0.07817592925
-0.1157679185
-0.1032008987
-0.04662938619
-0.03822312776
-0.1400271827
-0.1281185966
-0.05570694937
-0.06537186427
-0.07552972848
-0.08607679179
-0.0968989992
-0.1078740199
-0.1513148269
-0.1617788985
-0.1712593455
-0.1795911933
-0.1866518464
-0.1923258581
-0.1965406118
-0.1992377441
-0.1188702308
-0.1297492513
-0.200400425
-0.200029022
-0.1505711554
-0.1403660119
-0.1691403443
-0.1602132855
-0.1981614116
-0.1948521625
-0.1772049902
-0.1901866438
-0.1842638408
-0.1454566168
-0.1552077825
-0.01185011314
-0.1643322953
-4.266349124e-05
-0.1726930362
-0.0006497293961
-0.180151722
-0.1865841224
-0.1918713273
-0.03303530308
-0.001932176282
-0.1959146872
-0.04269379383
-0.04895111241
-0.004022878044
-0.1986274363
-0.1999490346
-0.1998360683
-0.07475505702
-0.006986649424
-0.1982764146
-0.01086197596
-0.1952775227
-0.1908819254
-0.1182786269
-0.1295353826
-0.1851500812
-0.01564872871
-0.1781802009
-0.02133174977
-0.17008171
-0.1610042041
-0.1510958836
-0.02787342021
-0.1405491661
-0.0352265236
-0.1069532421
-0.04332820548
-0.09580619392
-0.05210870579
-0.08498551159
-0.06520706685
-0.06148523833
-0.05661693977
-0.07136956227
-0.0373191402
-0.08166093135
-0.0922543606
-0.02961105665
-0.0292918721
-0.02538794516
-0.1030323416
-0.03713471473
-0.1138747458
-0.1246494537
7.053168812e-05
-0.1352242055
7.278846987e-36
7.58415993e-32
-0.04120534924
-1.933521272e-32
8.087397408e-05
8.485576666e-36
-0.04611655468
-0.04049859212
-0.0496455462
-0.04905913143
-0.000237958413
-0.001196689048
-0.00556737027
-0.002945593556
-0.05614145522
-0.05234834917
-0.01355938233
-0.009103574849
-0.06663888873
-0.0608463241
-0.0189182403
-0.02514404753
-0.07361622584
-0.08153231829
-0.03998773095
-0.03218764427
-0.09031682962
-0.0997507869
-0.1198927971
-0.1096837695
-0.1302018729
-0.1403905663
-0.04847358659
-0.05756598318
-0.1502771963
-0.1596594339
-0.07721348212
-0.06717742554
-0.08757181251
-0.09814397264
-0.108814206
-0.1194615516
-0.1683701098
-0.1762365673
-0.1888948242
-0.1831220796
-0.1934601546
-0.1967350109
-0.1986735558
-0.1992449186
-0.1401772507
-0.1299593474
-0.1984532906
-0.1963183478
-0.1499823702
-0.1592405873
-0.175591476
-0.1678201489
-0.1882328194
-0.1928902426
-0.1824338611
-0.1626489778
-0.0005720267843
-0.1706562349
-0.1778225379
-0.001936326512
-0.05066115049
-0.1840361395
-0.05634765309
-0.1892011124
-0.004177900623
-0.1932294317
-0.1960540585
-0.007346645548
-0.07296686598
-0.07896965404
-0.1976209291
-0.1979016729
-0.01144952289
-0.1968842854
-0.1945862556
-0.01647043917
-0.1910419866
-0.1863181246
-0.02237155964
-0.1804949772
-0.1393939058
-0.1736871235
-0.0291027266
-0.1660149984
-0.1576355146
-0.03660076899
-0.1486983996
-0.04479518211
-0.1298852188
-0.1203849315
-0.05360606723
-0.1110488229
-0.1020981366
-0.06294870813
-0.09365315032
-0.08593531733
-0.0727297449
-0.08285255737
-0.06775784069
-0.06323092799
-0.09321159556
-0.05910357511
-0.1036994861
-0.03462061222
-0.1141997197
-0.02052930507
-0.1245958296
9.794958661e-06
-0.1347629166
-0.1445787696
-0.1539148703
-4.59540791e-33
3.301376825e-35
-0.01334033823
-1.387287605e-33
9.237941587e-36
-0.0001330484574
-0.03188825497
-0.04934308355
-0.06316948066
-0.05694407929
-0.001045574404
-0.002855841381
-0.009333499861
-0.005614246918
-0.06893070225
-0.0747004502
-0.01399395274
-0.01955676092
-0.08738202898
-0.08073269536
-0.02596741922
-0.03316131874
-0.0946284311
-0.1024610954
-0.04106470418
-0.04959792943
-0.1107895224
-0.1194849642
-0.1373708015
-0.1284011774
-0.1462293883
-0.1548014215
-0.058674822
-0.06820500585
-0.1629266885
-0.1704427737
-0.08823735554
-0.07809240821
-0.1088768309
-0.09853489351
-0.1191505771
-0.1292410285
-0.1830937902
-0.177209966
-0.1917945031
-0.1879874226
-0.1944490252
-0.1958985135
-0.1951091062
-0.1961210325
-0.1484007841
-0.1390306339
-0.1894783733
-0.1928834772
-0.1572337839
-0.1654132057
-0.1728283306
-0.1849517897
-0.1793727832
-0.001660990098
-0.1743203359
-0.003948565297
-0.1802323116
-0.1851676629
-0.0450115435
-0.1890563993
-0.007237291898
-0.1918379975
-0.01150399367
-0.07129052685
-0.1934724242
-0.1939328123
-0.1932162066
-0.01670548747
-0.1913346534
-0.02278190333
-0.1085897271
-0.1883265613
-0.1842444132
-0.1791684467
-0.02966433115
-0.1341580847
-0.1731885756
-0.03727526795
-0.1664230172
-0.158991202
-0.151041074
-0.04553209359
-0.1427084838
-0.05434764116
-0.1255232378
-0.1169663586
-0.06363044721
-0.07328664495
-0.1005251053
-0.0927965079
-0.08542910748
-0.08321744664
-0.07831774905
-0.09332311801
-0.06384690471
-0.05529824266
-0.1034981063
-0.1136373629
-0.02848341701
-0.01072012632
-0.1236296965
-0.1333662994
-0.1675181578
-0.0003634928343
-0.1427330407
-0.1516207363
-0.1599171118
-9.965462482e-34
1.305337131e-35
-0.009346880077
-3.664083431e-34
-1.361323109e-35
-0.0006710005202
-0.02572444091
-0.04100797997
-0.0628149973
-0.05258318447
-0.002400900095
-0.005195366142
-0.01382765129
-0.009020581945
-0.07155851624
-0.07987312935
-0.01954794279
-0.02610651571
-0.09604011669
-0.0879200957
-0.0334192248
-0.04139963789
-0.1126225014
-0.1042459991
-0.05899711536
-0.04995634473
-0.1295956701
-0.1210913139
-0.1462352585
-0.1380148058
-0.1615425298
-0.1541209177
-0.07814739604
-0.0684262341
-0.1744837955
-0.168370443
-0.08806120475
-0.09806747808
-0.1080632784
-0.1179448574
-0.1276066783
-0.1369429435
-0.1797742681
-0.1841449179
-0.1898321303
-0.1875187686
-0.1910448221
-0.1911306435
-0.1879258153
-0.1900872956
-0.1542176898
-0.1458481031
-0.180391132
-0.1846789931
-0.168949582
-0.1619507564
-0.1751243322
-0.006577238138
-0.1752284273
-0.008367559014
-0.1798422403
-0.1834750949
-0.01094206094
-0.1860794324
-0.04954761413
-0.01627345574
-0.1876179679
-0.1880722073
-0.1874364546
-0.02248770404
-0.08884125565
-0.09759877841
-0.1857258077
-0.02949116305
-0.182968786
-0.1792155064
-0.1745275681
-0.03719107086
-0.1689875474
-0.1402819265
-0.04549032826
-0.162684518
-0.155726262
-0.1482186953
-0.05429288759
-0.06350121024
-0.1320221795
-0.1235516255
-0.1149520074
-0.07301756984
-0.1062928225
-0.08274434532
-0.0799282806
-0.09258203745
-0.07062618106
-0.1024324238
-0.06072574212
-0.03709773511
-0.1121940671
-0.02246095857
-0.1217680718
-0.1310519272
-0.001051872047
-0.1696971439
-0.139947354
-0.1483533431
-0.1561754023
-0.1633185378
-0.003260337174
-6.697289435e-34
-5.911142464e-35
-0.007031953507
-2.581931717e-34
-6.021960311e-35
-0.001498001288
-0.03378392522
-0.01976828722
-0.04652070407
-0.05830355125
-0.004216435995
-0.008073626673
-0.0188103415
-0.01297071956
-0.0790574979
-0.06895449976
-0.02548679737
-0.03289767056
-0.08862383192
-0.09795050206
-0.04093771373
-0.04950543018
-0.1070319585
-0.1159551589
-0.06781752239
-0.05849842578
-0.1331088036
-0.1246544922
-0.141219971
-0.1489135547
-0.1626341577
-0.1560818728
-0.08703753452
-0.07736302377
-0.1684707891
-0.1735071923
-0.1063828725
-0.09674300717
-0.1158600216
-0.1250784817
-0.1339426076
-0.1423582866
-0.1776643421
-0.1808779045
-0.1842860519
-0.1830972202
-0.1835105581
-0.1844255802
-0.1815536505
-0.178579486
-0.1574795272
-0.150233634
-0.1746287552
-0.1640120138
-0.1697518736
-0.1765992372
-0.01508249262
-0.005841832475
-0.178907817
-0.1802144727
-0.02140444495
-0.1805004793
-0.1797630022
-0.02851158885
-0.1780114719
-0.1752715673
-0.03628652846
-0.1715810868
-0.08760778957
-0.1669927999
-0.04462016165
-0.1615692931
-0.1158757154
-0.1553846657
-0.124660646
-0.05340326255
-0.1485182881
-0.1410545059
-0.06253233269
-0.1330764592
-0.07190541869
-0.1067625891
-0.0814235229
-0.09735177651
-0.09099011819
-0.07750405395
-0.06686651864
-0.1005091629
-0.05565979025
-0.0435851276
-0.1098878185
-0.03087349465
-0.01740401522
-0.1190320915
-0.1278521098
-0.00199886433
-0.1733180896
-0.1362564099
-0.1691080872
-0.1441589988
-0.1514732159
-0.1581197413
-0.00526027823
-0.1640207564
-0.009659762189
-3.73423726e-34
-1.751531662e-34
-0.005014808059
-1.199680894e-34
-1.259673775e-34
-0.002548120211
-0.01569109349
-0.02833203365
-0.05304302464
-0.04084667105
-0.01131568612
-0.006368157505
-0.01724576896
-0.02402597286
-0.07555769454
-0.06454380213
-0.0396221844
-0.03152509854
-0.09607549049
-0.08601163036
-0.04819912414
-0.05714605784
-0.1057043369
-0.1149597204
-0.07572806345
-0.0663559599
-0.1321419515
-0.1237763021
-0.1472243138
-0.13997467
-0.1596590913
-0.1538064313
-0.09456885115
-0.08516374299
-0.1647082225
-0.1688981326
-0.1129196036
-0.1038506568
-0.1300680455
-0.1216873236
-0.1453355358
-0.1379778073
-0.1721744217
-0.1744989025
-0.1758422904
-0.1761898337
-0.1755391384
-0.1739005127
-0.1712970923
-0.1677625596
-0.1580882778
-0.1520635655
-0.1633418981
-0.01943626344
-0.1714470643
-0.02664103765
-0.1714369451
-0.1704493049
-0.02608662052
-0.1684912882
-0.03449517937
-0.1655820945
-0.04286712246
-0.06210353392
-0.1617512482
-0.1570400684
-0.08400961582
-0.1514964605
-0.05163883108
-0.145178525
-0.06069602527
-0.138144099
-0.1304590561
-0.1221775237
-0.06993348659
-0.1133610339
-0.07925029391
-0.1040406629
-0.09426204109
-0.08855070997
-0.07331517047
-0.09774347875
-0.05045653363
-0.03830367212
-0.1067395118
-0.1154543862
-0.01413588591
-0.004459853353
-0.123804027
-0.1317094891
-0.1704843667
-0.003132277606
-0.1390917583
-0.1458778641
-0.1519957435
-0.1573807513
-0.007529327175
-0.1619712664
-0.01301486541
-0.1657147478
-0.1685644623
-2.128659436e-34
-3.242509818e-34
-0.003965238218
-7.161066417e-35
-2.053650973e-34
-0.003746613583
-0.02413250201
-0.01291088342
-0.04798015539
-0.03599470215
-0.008721535179
-0.01473883208
-0.02922223088
-0.02162398612
-0.05962390119
-0.07092032065
-0.03738765768
-0.0459893986
-0.09207363725
-0.08171815359
-0.06402032045
-0.05490422412
-0.1019073863
-0.1112418277
-0.07323186047
-0.08244139628
-0.1200051761
-0.128182182
-0.1357007361
-0.1425240557
-0.1538424583
-0.1485852043
-0.1004877933
-0.09155577253
-0.1582418082
-0.1617491148
-0.1174720669
-0.1091532046
-0.1253667414
-0.132763189
-0.1395899538
-0.1457794507
-0.1659637029
-0.1643292571
-0.166357254
-0.1666393838
-0.1629683357
-0.1651266072
-0.1599120273
-0.1559964534
-0.1512678717
-0.03173749922
-0.161125314
-0.003579297198
-0.1597790559
-0.1574939011
-0.04017291251
-0.1542823481
-0.0489549295
-0.1501696953
-0.1451846388
-0.05714658345
-0.1393692957
-0.05796360763
-0.0792281616
-0.1327629922
-0.06708609125
-0.1254193568
-0.1173793775
-0.108701829
-0.07622071066
-0.09941800753
-0.08527236309
-0.08958912072
-0.06841241675
-0.09415248857
-0.1027784977
-0.04559832892
-0.033854055
-0.02241237017
-0.1110709865
-0.01178438749
-0.118956099
-0.1263612966
-0.004376788078
-0.1615270542
-0.1332195515
-0.1394648392
-0.1595290375
-0.1571673503
-0.145037091
-0.149878334
-0.009933281741
-0.1539373997
-0.01646145473
-0.160990198
-0.02378559772
-1.424166406e-34
-4.949558957e-34
-0.00323276931
-4.687684578e-35
-2.928539045e-34
-0.005019358157
-0.02088213742
-0.01087639889
-0.04334052621
-0.03190322583
-0.01114470102
-0.01816621976
-0.03416247608
-0.02589401224
-0.06586469908
-0.05470899442
-0.04282072718
-0.05173603117
-0.08690714615
-0.07660613624
-0.06986596755
-0.06078707333
-0.1058499363
-0.09665988905
-0.08771901354
-0.0788732278
-0.1143981705
-0.1222809121
-0.1358205929
-0.1294317868
-0.1461205457
-0.1413929615
-0.1045966943
-0.09631926351
-0.1499642398
-0.1529050863
-0.11247783
-0.1198941298
-0.1267797887
-0.1330732085
-0.1387154457
-0.1436521331
-0.1549221634
-0.1560107784
-0.1554092764
-0.1561693124
-0.1512109104
-0.1537474288
-0.14783231
-0.1453639029
-0.04530472847
-0.1417719806
-0.1372928828
-0.05430303973
-0.01951565278
-0.1319573128
-0.03008479869
-0.1257923203
-0.06334762548
-0.1188432055
-0.1111438305
-0.07233277361
-0.1027522521
-0.09370432531
-0.08116498974
-0.08407410834
-0.07390046248
-0.08975898556
-0.06329360907
-0.05231771926
-0.09803655674
-0.04118824436
-0.1059263258
-0.01003550714
-0.1133604969
-0.002957895736
-0.1202770701
-0.005660214916
-0.1480532307
-0.1266158614
-0.1498260028
-0.132321959
-0.1373421803
-0.1416286139
-0.01234423218
-0.1451364025
-0.1478262999
-0.01982867961
-0.1496644001
-0.1506227197
-0.02792757892
-0.1506813292
-0.03646813399
-9.851290821e-35
-6.763170049e-34
-0.002709047963
-3.183946854e-35
-3.832052881e-34
-0.006296955542
-0.009338269894
-0.01827889995
-0.02841575831
-0.03914719377
-0.01351480072
-0.02143448602
-0.03863354562
-0.02986283043
-0.04999410914
-0.06073856914
-0.04759937957
-0.05663297105
-0.08115161674
-0.07115213158
-0.0656211122
-0.07446501877
-0.09060971805
-0.09948280896
-0.09137496487
-0.08307586961
-0.1151850658
-0.1076855914
-0.1278575754
-0.1219182816
-0.1371973915
-0.1329572862
-0.1067560755
-0.09929010531
-0.1405493018
-0.1430040547
-0.1137116208
-0.1201005898
-0.125869338
-0.1309687373
-0.1389765364
-0.1353517654
-0.1445505101
-0.1451929126
-0.1438003245
-0.1449369556
-0.1418036158
-0.04968207361
-0.1235785754
-0.05870125855
-0.1178701303
-0.111360328
-0.1040796398
-0.06758572081
-0.09608614043
-0.07624173024
-0.0874212312
-0.04773263554
-0.07816823634
-0.06838639506
-0.08458781061
-0.05820652075
-0.09255160316
-0.03720396025
-0.02684904376
-0.1000676217
-0.01715938579
-0.1070773767
-0.008683381526
-0.002506480684
-0.1135258107
-0.1193632839
-0.1284458488
-0.00691628665
-0.1245421103
-0.1290190882
-0.1378081523
-0.1327532799
-0.135707863
-0.01464522689
-0.1378500004
-0.02296164126
-0.1391508668
-0.1395882468
-0.139143632
-0.03168030495
-0.04063348662
-0.1355755981
-0.1324525243
-7.18885746e-35
-8.582936045e-34
-0.002317833966
-2.292176135e-35
-4.71678196e-34
-0.007516670061
-0.00812522507
-0.01613148778
-0.03535679428
-0.02539934529
-0.01572137942
-0.02439806008
-0.04245072056
-0.0333605525
-0.0557189723
-0.04554791077
-0.06048993756
-0.05153240587
-0.06563043158
-0.07516332058
-0.06922346035
-0.07764762197
-0.08417907198
-0.09261280824
-0.09327875429
-0.08568767761
-0.1003751383
-0.107424829
-0.1191765718
-0.1137010996
-0.1238114152
-0.1275902911
-0.1003623947
-0.1068867901
-0.1325122582
-0.1304915836
-0.1180692161
-0.1128035539
-0.122642014
-0.126484841
-0.1295616944
-0.1318422767
-0.1339058406
-0.1336472849
-0.1332974409
-0.0619800199
-0.1034159175
-0.0966098207
-0.08909286417
-0.07051810556
-0.08091155745
-0.07866831668
-0.02402961523
-0.07215496606
-0.06289684304
-0.05327915783
-0.08636415658
-0.04343022798
-0.09354838221
-0.03359689478
-0.01518983903
-0.100169746
-0.00759575538
-0.1061834875
-0.002159343222
-0.1115476992
-0.008085970718
-0.109452939
-0.1162249599
-0.1201797365
-0.1190954303
-0.1226493427
-0.1233797777
-0.1257956401
-0.01673276096
-0.1274005529
-0.02572466683
-0.1281728774
-0.1280932156
-0.1271504919
-0.03488665999
-0.1253350831
-0.04406434693
-0.114691564
-0.05313193935
-5.465333544e-35
-1.031921056e-33
-0.002009964061
-1.707159389e-35
-5.540834486e-34
-0.008623383629
-0.01431503126
-0.007134734613
-0.03192009348
-0.02275308755
-0.01766821521
-0.02693168985
-0.03624341836
-0.04546100297
-0.04139085874
-0.05089895117
-0.05446569319
-0.06315882049
-0.06020464173
-0.06916841354
-0.07145810686
-0.07929501968
-0.08556053979
-0.07764676548
-0.0866113351
-0.09335779991
-0.09937228159
-0.0928183122
-0.1101626951
-0.1051631737
-0.1176660243
-0.1143347253
-0.1049722284
-0.09949070937
-0.120139164
-0.1217538958
-0.1138434105
-0.1097668097
-0.1171714988
-0.1197253242
-0.1214790306
-0.1225082968
-0.1224132145
-0.07440173725
-0.07203319172
-0.001881627645
-0.06621513488
-0.0575590991
-0.01350572072
-0.07952025859
-0.04857996316
-0.03941919579
-0.08642499875
-0.03032101961
-0.02154105181
-0.09270653799
-0.006694000533
-0.0983285728
-0.1032601676
-0.009118142078
-0.08203565585
-0.1074723912
-0.08902491775
-0.1109394519
-0.1136373796
-0.1155440632
-0.01851815277
-0.1166409878
-0.1095562248
-0.1126651495
-0.1169108242
-0.02800328631
-0.1163429939
-0.1149275128
-0.03741675209
-0.04662448266
-0.1056164313
-0.1008591798
-0.05551974675
-0.09531884036
-0.06401329107
-4.282007039e-35
-1.189384784e-33
-0.001759384176
-1.305919883e-35
-6.268117701e-34
-0.009570078723
-0.01274736501
-0.006303504629
-0.02879493339
-0.02040531886
-0.01927437613
-0.02893203908
-0.04754545632
-0.03839582645
-0.04632845584
-0.03752443875
-0.06453626117
-0.05628474375
-0.05497384238
-0.06331098091
-0.07934199456
-0.07223845607
-0.07854065953
-0.0711959365
-0.09159964396
-0.08580663505
-0.08525332628
-0.0912812114
-0.1010783693
-0.09656616767
-0.107669621
-0.1047838464
-0.09669228123
-0.1010605796
-0.1109358632
-0.1097202665
-0.1046813064
-0.1075352537
-0.1096023824
-0.1108677205
-0.1113150909
-0.07206992138
-0.04414511443
-0.07875990942
-0.03569628059
-0.02733873901
-0.0193234093
-0.08475945842
-0.01204065815
-0.09004442286
-0.005928144715
-0.001652378678
-0.09459341371
-0.09838881304
-0.05244963549
-0.009969939165
-0.1014140971
-0.1036543157
-0.07508777918
-0.105096517
-0.1057282094
-0.01992839295
-0.105541786
-0.09230030475
-0.02970556654
-0.1045295785
-0.1026930021
-0.1000328876
-0.03916966554
-0.09656418586
-0.04821270071
-0.08727468309
-0.08151779836
-0.05675160293
-0.06472091115
-0.06803851017
-0.0604628213
-3.438309705e-35
-1.324048452e-33
-0.001549672893
-1.020033609e-35
-6.868460175e-34
-0.01031812509
-0.005591100861
-0.01137443958
-0.02594774656
-0.01830568197
-0.02047493758
-0.03031885737
-0.03973190073
-0.04862107727
-0.03394226672
-0.0420326474
-0.05691674015
-0.0645658051
-0.05767990584
-0.04999615314
-0.07777895384
-0.07152947642
-0.07169066041
-0.06494242944
-0.08805388515
-0.08329247686
-0.08331470545
-0.07783351193
-0.09208865547
-0.08807697288
-0.09531677186
-0.0977472612
-0.09204893729
-0.09526690899
-0.1001681146
-0.09936491833
-0.09769609055
-0.0993284344
-0.1001538931
-0.07640614892
-0.02462019042
-0.001458478723
-0.01733426276
-0.01075039127
-0.08141660301
-0.005266030813
-0.08564324101
-0.0890789549
-0.01060701223
-0.03225269102
-0.09171852633
-0.09355711243
-0.04761117418
-0.0549656124
-0.09458990986
-0.09481480085
-0.02090679308
-0.09422903815
-0.07420701605
-0.03076318452
-0.09283678929
-0.09064145975
-0.0876587699
-0.04007491483
-0.08390349107
-0.04876458888
-0.07940893388
-0.06835564122
-0.05677622422
-0.06191106242
-0.06407058674
-0.03999096686
-0.07061974538
-2.81359957e-35
-1.430468904e-33
-0.001370509388
-8.093801085e-36
-7.317703781e-34
-0.0108375221
-0.01015971498
-0.004971215763
-0.01641805226
-0.02335153141
-0.02122160569
-0.03103601073
-0.04864244747
-0.04019687779
-0.03802031802
-0.03063357183
-0.05633234935
-0.063239748
-0.0523242993
-0.04530120296
-0.07465360622
-0.0693494941
-0.06508957909
-0.05895223774
-0.07914840024
-0.08283358953
-0.07556477316
-0.07064668006
-0.07978729356
-0.08328060733
-0.08601180857
-0.08796466335
-0.08777457525
-0.08570845532
-0.08912258166
-0.08948030547
-0.08903097565
-0.004686366177
-0.07650663318
-0.001291579197
-0.07964804291
-0.01100377613
-0.00960447041
-0.08196612257
-0.01554255368
-0.08346696115
-0.08415679041
-0.0840406678
-0.02141361634
-0.08312780879
-0.04306186584
-0.04975649699
-0.08142631029
-0.03113244595
-0.06189407881
-0.07895414975
-0.07572867095
-0.04009379448
-0.07178373633
-0.0671530034
-0.04825409326
-0.05606490824
-0.05558662364
-0.06207957055
-0.0361197992
-0.02907577206
-0.06772819493
-0.02214065521
-0.07253577706
-2.33665624e-35
-1.504414946e-33
-0.001215189855
-6.503367481e-36
-7.597832943e-34
-0.01110717861
-0.004426097816
-0.009077512142
-0.01471523542
-0.02098311641
-0.02148337368
-0.03105250853
-0.03976842856
-0.04760323578
-0.0275838233
-0.03428778671
-0.05454727406
-0.06060061035
-0.04089696514
-0.04726276028
-0.07007199121
-0.06577148263
-0.05877062008
-0.05325267607
-0.07611573594
-0.07351531745
-0.06372880696
-0.0680667965
-0.07467850327
-0.07172859856
-0.07832212018
-0.07688284471
-0.07788477767
-0.0789766263
-0.07883531379
-0.07020103239
-0.0722674666
-0.01114372242
-0.07350146651
-0.073919438
-0.008580914652
-0.07353850788
-0.07237403844
-0.02142676921
-0.0704480528
-0.0261490057
-0.03079532243
-0.06778182861
-0.06441051547
-0.06036978955
-0.03922066696
-0.05571692214
-0.04669492297
-0.05051099417
-0.04484118056
-0.03880043734
-0.05322148885
-0.03252247831
-0.05881587258
-0.01987797684
-0.01392407745
-0.06349580989
-0.06728407378
-0.004174444531
-0.00114612567
-1.963522608e-35
-1.542898974e-33
-5.280162144e-36
-0.001079148456
-7.697171999e-34
-0.01111526239
-0.008108697424
-0.003943185335
-0.01882078598
-0.01317516949
-0.03036354398
-0.02124724804
-0.04553746997
-0.0384578907
-0.03082071769
-0.02477439126
-0.05162340119
-0.05674201036
-0.04248923289
-0.03677370029
-0.06092353076
-0.06419844871
-0.04783991615
-0.05273013306
-0.06814008478
-0.0665949333
-0.06081074801
-0.0570742323
-0.063884142
-0.06625642551
-0.06789217245
-0.06876717315
-0.06885637104
-0.01101980169
-0.06377154966
-0.001018247705
-0.06399429776
-0.06342548632
-0.06209370609
-0.02094255356
-0.01245831025
-0.06002609781
-0.0297604732
-0.05726016443
-0.05383406982
-0.04980478733
-0.03480926268
-0.03748410532
-0.04523205958
-0.04414163536
-0.04020287179
-0.02917972478
-0.04976602991
-0.02345149339
-0.05439870013
-0.01781045469
-0.00766272973
-0.05807803072
-0.003719533376
-0.06084403757
-0.06273109622
-1.666167886e-35
-1.544224407e-33
-0.0009591093956
-4.326849496e-36
-7.610652906e-34
-0.01085961094
-0.007237864005
-0.003513003792
-0.0117782807
-0.01684242693
-0.02899146813
-0.02051900891
-0.03631127381
-0.04252037112
-0.02218196406
-0.02759500769
-0.04766926203
-0.05180856437
-0.03797701311
-0.03290641273
-0.0549880268
-0.05725397516
-0.04693456406
-0.04268450116
-0.0586472096
-0.05920574638
-0.05064395435
-0.05375069835
-0.05619947289
-0.05794946212
-0.05896194164
-0.05381079357
-0.0523920149
-0.0009050792413
-0.01997641144
-0.05027221757
-0.00683562565
-0.0474930672
-0.02806412939
-0.04411150766
-0.04018759193
-0.03494770283
-0.03580576323
-0.03105639775
-0.0406901395
-0.02606276741
-0.02095736636
-0.04535195254
-0.01591524026
-0.01112620715
-0.04899769445
-0.003313212663
-0.05168353139
-0.0534636919
-0.01063485041
-0.05438415242
-0.05448686245
-1.50804661e-33
-1.426294092e-35
-0.0008525546436
-3.577105768e-36
-0.01034816214
-7.340130907e-34
-0.006451470223
-0.003127819712
-0.01502414117
-0.01050564213
-0.0193239088
-0.0269865375
-0.03866843891
-0.03340980517
-0.01977799676
-0.02457730457
-0.04283940687
-0.04599432804
-0.02925663253
-0.03368192046
-0.048198984
-0.04951231039
-0.04132667808
-0.03773601338
-0.04998515729
-0.04966469996
-0.04681400367
-0.04437339649
-0.04859275993
-0.04336441216
-0.04127256256
-0.01856354171
-0.03857047389
-0.02577064775
-0.006086488729
-0.03531848361
-0.03159811448
-0.02749726197
-0.03171027867
-0.02313382404
-0.03647726267
-0.0186353004
-0.01416714994
-0.009908658607
-0.0401561128
-0.04283042921
-0.002948298923
-0.0008043321258
-0.04457037368
-0.04544077277
-0.01000200611
-0.04549674804
-0.04478824631
-1.231648735e-35
-1.435440444e-33
-0.0007573862817
-2.983626383e-36
-0.009599335456
-6.894705209e-34
-0.005736574812
-0.002780756415
-0.009337672286
-0.01333923414
-0.01770716626
-0.0244272133
-0.03413839393
-0.02986971082
-0.02172553739
-0.01752832626
-0.03953920116
-0.03733220778
-0.02954552105
-0.0257741575
-0.04083685252
-0.04129305239
-0.03292801712
-0.03583237113
-0.03991162003
-0.04096625148
-0.03818108265
-0.01675922611
-0.03055260539
-0.0007140205615
-0.02297248665
-0.02751588104
-0.02407662396
-0.02034679124
-0.02790514402
-0.01644827153
-0.03167895041
-0.0125378246
-0.008785391638
-0.005402325863
-0.03439732801
-0.002618123576
-0.03615755644
-0.03703930267
-0.009145030833
-0.03711409681
-0.03644415134
-0.03508663932
-0.03310231563
-1.073815528e-35
-1.328963886e-33
-0.0006717029785
-2.51086102e-36
-6.290985692e-34
-0.008642274686
-0.00507994744
-0.002465188332
-0.008253209528
-0.0117575471
-0.02141974454
-0.01573407657
-0.02912451495
-0.02584086954
-0.01539312838
-0.01898989602
-0.03138552798
-0.03272264902
-0.02239950233
-0.02549947787
-0.0332201227
-0.03295112554
-0.02818465814
-0.03197991231
-0.03036967808
-0.01978931897
-0.01764869271
-0.01435380354
-0.02369804179
-0.01099526309
-0.00773420405
-0.02650660569
-0.00476951157
-0.002316025311
-0.02833074546
-0.0006322738594
-0.02927492239
-0.008098446386
-0.02073179979
-0.02348817534
-0.02942348677
-0.02885099466
-0.02762575934
-0.02581291797
-0.01463867478
-9.468161124e-36
-1.192704461e-33
-0.000593643274
-2.130236857e-36
-5.553236326e-34
-0.007516850342
-0.002174305754
-0.004467431698
-0.01024523939
-0.007228908801
-0.01809673349
-0.01348953984
-0.02385384098
-0.0215039279
-0.01631498424
-0.01332758455
-0.02526961844
-0.02585403477
-0.01906820286
-0.0214726106
-0.02486208514
-0.0256930397
-0.02343085707
-0.009503943262
-0.006730546756
-0.01928331813
-0.004173261082
-0.02120099155
-0.002034977265
-0.0005572014438
-0.02223908092
-0.02250192408
-0.006907376366
-0.0123052452
-0.02207406165
-0.02103044525
-0.01944653349
-0.01739854764
-0.01229618387
-0.01498286089
-0.01636596383
-8.461467934e-36
-1.032293807e-33
-0.0005212688228
-1.816667356e-36
-4.713321876e-34
-0.006273315025
-0.003883532155
-0.001900795444
-0.006239060957
-0.008765381227
-0.01107679182
-0.01461434557
-0.01857860358
-0.01706539363
-0.01128403254
-0.01364446867
-0.01927649566
-0.01925881275
-0.01571890738
-0.01740313623
-0.01860886152
-0.01487778439
-0.001767319837
-0.01602298217
-0.0004867906421
-0.01641990336
-0.005626987355
-0.0161653418
-0.005747666851
-0.01534105547
-0.014022177
-0.01229564757
-0.009843381991
-0.01025518452
-0.01286876856
-0.008026095207
-0.003597357877
-7.680029473e-36
-8.548756443e-34
-0.0004524746498
-1.545570821e-36
-3.810385865e-34
-0.004971503426
-0.001636635421
-0.003311323693
-0.007280206818
-0.005256198727
-0.008615098578
-0.0111477506
-0.01356505852
-0.01275008201
-0.009217166629
-0.01093066079
-0.013704874
-0.01230850771
-0.01325984106
-0.01124015798
-0.004321416991
-0.000418832271
-0.01116793586
-0.01057802682
-0.003024331141
-0.009549938681
-0.008163210124
-0.007406300404
-0.006525381555
-0.004757894921
-0.009479954219
-0.001504631651
-0.01071151017
-7.084329529e-36
-6.69013692e-34
-1.289788766e-36
-0.0003849339473
-2.890189796e-34
-0.003679454534
-0.002733019143
-0.001373085094
-0.005756865673
-0.004253389163
-0.007884185303
-0.006236103402
-0.008789946943
-0.009077498827
-0.007095366472
-0.008153389417
-0.008839563969
-0.003062049297
-0.00675121878
-0.006012300891
-0.004975650183
-0.003736445978
-0.005120869113
-0.00243662827
-0.006389107254
-0.001237885054
-0.0003508942823
-0.007014293375
-0.007107795438
-6.623719133e-36
-4.845250374e-34
-0.0003160923269
-1.016401191e-36
-2.004031262e-34
-0.002471294546
-0.001101113242
-0.002132052779
-0.004180537469
-0.003210254342
-0.004078270717
-0.005012538312
-0.005407685096
-0.004924073165
-0.005355644419
-0.003380342705
-0.002670834623
-0.0002803820622
-0.001820116738
-0.003126061278
-0.0009583055752
-0.003780326201
-0.003995575757
-0.001924883674
-0.003841903821
-6.209629639e-36
-3.122337373e-34
-0.0002433771514
-6.805002193e-37
-1.207087993e-34
-0.001423955448
-0.001498731372
-0.0008129706819
-0.002582943084
-0.002127411665
-0.00227838632
-0.002707257217
-0.002791844705
-0.000660002439
-0.001553000342
-0.0002049770728
-0.001811408879
-0.0009864734055
-0.001813776799
-0.001583064234
-0.001173201455
-5.700029545e-36
-1.635679609e-34
-0.0001648219451
-2.312536432e-37
-5.558357673e-35
-0.0006120066136
-0.000845012451
-0.0005065915336
-0.001059913047
-0.0009568532558
-0.00110148552
-0.0005050364351
-0.0005797869732
-0.0003165194744
-0.0005303853457
-0.0003475953599
-0.0001236834454
-4.81037125e-36
-5.003662988e-35
3.952584022e-37
-8.081164068e-05
-1.030748807e-35
-9.749483076e-05
-0.0001984500475
-0.0002416321338
-0.0001913904286
3.647084962e-05
-5.811139564e-05
-4.062833694e-05
-1.975445324e-05
1.787629715e-35
-2.78620282e-36
-3.082914806e-06
1.197889991e-36
1.12424609e-35
4.102339774e-05
9.34228198e-05
8.345869415e-05
2.001722892e-05
3.428782718e-35
4.523324347e-37
1.301517265e-36
2.917688381e-05
9.760379296e-36
4.544455092e-67
4.791078389e-36
4.791078389e-36
