7.817175365e-63
6.206666993e-32
6.206666993e-32
5.526478942e-33
5.017789507e-33
0.1008399741
0.1518933186
7.133060702e-32
2.197635863e-32
0.2242140717
0.04406089898
0.06872089847
-1.326385203e-34
1.218764843e-33
0.2375655281
0.2697169803
0.1914367192
0.3090049518
2.63544951e-32
1.776830365e-32
0.2111412472
6.740882189e-34
4.468551426e-34
0.02581321206
0.03248036002
0.227734887
0.2801713202
0.1396806506
0.1084406574
0.184160954
0.2979648532
0.1685235996
2.283310575e-32
0.3115158793
0.3165708973
1.336839312e-32
0.01487958618
0.01969498809
-9.05418295e-35
2.324724123e-34
0.08303020168
0.06604896892
0.1503442896
0.1857931523
1.007554183e-32
0.1484249782
0.1329911607
1.78845602e-32
0.249771525
0.3220368283
0.2516338396
0.3317459898
0.289929113
0.2730426049
0.3240125895
0.009692570008
0.01181036964
-5.01268864e-35
1.077370006e-34
1.447660376e-32
0.1206667231
8.100363802e-33
0.1098490588
0.1018219114
0.1234289666
0.04314175631
0.05254417237
0.2978257165
0.2140012688
0.2648444001
0.1821212511
0.2927352516
0.2126182692
0.2296983879
0.3087542373
0.3231057024
0.3354616985
0.3347194987
0.006785430802
0.008044273727
-4.046255729e-35
6.076837658e-35
0.07161713325
0.08510947322
0.03553817001
0.02992231112
0.09266950356
1.223721399e-32
0.100482197
6.71556071e-33
0.1821413097
0.196385321
0.2597413228
0.2762971695
0.233017675
0.154470451
0.2034515426
0.1321345141
0.3003301304
0.3152370643
0.3266562456
0.2726796165
0.3357361207
0.3374378841
0.3223187082
3.451538128e-35
0.004929151293
0.005751181566
-3.767855715e-35
0.05228151283
0.06099021371
0.02531867191
0.02171102211
0.1552030709
0.1777329078
0.09783063147
0.1131741983
0.07954753309
5.695976632e-33
1.048273046e-32
0.08566654487
0.1692111929
0.1577601795
0.229442539
0.244185361
0.3337345163
0.3256766004
0.3018664089
0.2880008093
0.3372488169
0.2447518248
0.3013577524
0.3336173522
0.3195621306
0.2184571915
0.2770670613
0.003686092712
0.004244052722
-3.08406686e-35
2.155960292e-35
0.01868114373
0.01621297346
0.03921255776
0.04517708224
0.1193760181
0.1360047248
0.0739716485
0.08475773077
4.906671372e-33
0.06910147411
9.090604853e-33
0.07402908871
0.2523701355
0.228373495
0.1728139727
0.1942846674
0.2157456942
0.1473108334
0.1378942746
0.2029826381
0.303817831
0.3155454856
0.2600375634
0.2738236575
0.3300804682
0.3339671966
0.3353610558
0.2787832858
0.3161636794
0.3297953047
0.300514501
0.002793602586
0.0032012331
-2.69989201e-35
1.382196725e-35
0.02992954172
0.0342147944
0.01409758276
0.01231594592
0.1051550578
0.05682793715
0.06467283902
0.09277704871
4.267044455e-33
0.06046568794
7.938954553e-33
0.06457714923
0.1367206744
0.2060423513
0.1854242033
0.1535807653
0.1911055915
0.1800156507
0.1292057553
0.1212534466
0.2345698926
0.2564681226
0.2784548073
0.2983181833
0.2337634627
0.278895019
0.2465915522
0.2915473705
0.3114209284
0.3292319907
0.333434703
0.3119011158
0.3292413278
0.321641927
0.3252933167
0.002120437208
0.002431952962
-2.439335541e-35
8.909156437e-36
0.02303585807
0.02625197803
0.01075975133
0.009412823589
0.07262813588
0.08205966939
0.04405376758
0.04996632705
3.730923016e-33
0.0531188461
6.956235069e-33
0.056644752
0.1084478414
0.1497671184
0.1667453286
0.1216774987
0.1599007019
0.169638502
0.1138514181
0.1069902045
0.1940944541
0.2376219147
0.2579799543
0.2136503934
0.2097028458
0.2663089119
0.2538328488
0.2214280695
0.3057112851
0.3193724295
0.2761847743
0.2946588894
0.3010535461
0.3227996875
0.3142928554
0.2896391703
0.325826566
0.3227137925
0.3290809335
0.001589726726
0.001838487521
-2.281735369e-35
5.616354706e-36
0.01770197068
0.02021528518
0.008214474139
0.007152588388
0.05695451814
0.06434235779
0.03418872957
0.03880384786
0.120583167
0.134468448
0.09658733505
0.08605654631
0.04981038606
3.269350026e-33
0.0467225748
6.099070117e-33
0.1420683079
0.1507276048
0.1005476939
0.09451468395
0.1992284585
0.1758798075
0.159127228
0.2179779742
0.1877783558
0.2297571285
0.2416496962
0.198469697
0.2896589803
0.2380203461
0.2571084418
0.2722286242
0.2778553936
0.2659883305
0.2942704995
0.3047330995
0.319921706
0.2987326776
0.3123106268
0.3127902632
0.3151763803
0.3228157488
0.3201812161
0.001153035228
0.001360373875
-2.213627983e-35
3.2600049e-36
0.01341285049
0.01545341446
0.006190416261
0.005319092585
0.04440313441
0.05036362426
0.02629892549
0.0300274222
0.06797030384
0.09656691843
0.1080243655
0.07653181854
0.04380356264
2.863877755e-33
0.04105617156
5.338766725e-33
0.1436390974
0.1649943052
0.1815804293
0.129430006
0.08342622469
0.1260746756
0.1338624275
0.08880979842
0.1677586545
0.2070407587
0.2182261519
0.1775346263
0.2193443568
0.2013482328
0.2360520961
0.2542023338
0.2541056492
0.2423625491
0.2720086602
0.2833211915
0.2906325977
0.3041131309
0.2665911527
0.2832676964
0.3149075976
0.3062005881
0.3040714083
0.3122066816
0.3081164022
0.2944298183
0.3149450811
0.0007781086325
0.0009585118591
-2.224493999e-35
1.46927161e-36
0.009830317188
0.01155141992
0.004514340765
0.003770101289
0.03404112906
0.03900077911
0.01976472374
0.02288322271
0.07650330542
0.08611880583
0.06014042955
0.05300446186
0.116279712
0.1350033031
0.1495059228
0.1041635707
4.65647695e-33
0.0384452261
2.502484482e-33
0.03597315584
0.07345197893
0.1115928113
0.1186594952
0.07830835357
0.1841228013
0.2007143013
0.1677713686
0.2181645863
0.1494039478
0.1857568641
0.1962234347
0.1583790075
0.230772393
0.2194218329
0.2490457733
0.2605620753
0.2493532012
0.2755313527
0.2594044714
0.231926857
0.3000697862
0.2841013983
0.2733380839
0.2909896144
0.2960820688
0.3056413099
0.2812679652
0.2947555823
0.3027782972
0.3074330253
0.3010564899
0.0004415957772
0.0006058356499
-2.314988098e-35
9.319895856e-39
0.006718896203
0.008228996345
0.003068356382
0.002405489213
0.02520785235
0.02947129385
0.01415528338
0.01685932334
0.04027948192
0.0593911707
0.0676396217
0.04639468082
0.09288574599
0.1087328178
0.1214538861
0.08240937915
0.1522419871
0.167647065
0.183866455
0.1375579178
0.03137459379
4.039492861e-33
0.03361554248
2.17715795e-33
0.06440466705
0.09838772812
0.0688180889
0.104840999
0.1325126377
0.165869574
0.1756437897
0.1407806157
0.2146137743
0.1976020426
0.2258130633
0.2427272654
0.2083034375
0.2262207899
0.1974674642
0.2375872984
0.2622712271
0.281210725
0.2708749353
0.251059174
0.2664340665
0.2842450505
0.2707283061
0.2506710561
0.2933996431
0.2847656461
0.2950190475
0.2919156584
0.2919527786
0.2847395717
0.2981161218
-1.283000012e-36
0.0001249863879
0.0002818711495
-2.494239786e-35
0.003902878475
0.005284522733
0.001766103512
0.001148836012
0.01741513523
0.02121031198
0.009153292204
0.0115896605
0.04442968219
0.05169019433
0.03453360253
0.02913029794
0.06333322385
0.07257154953
0.08549056584
0.09678399612
0.1236156492
0.1371995302
0.1521054215
0.1104007732
0.02719245635
3.479033483e-33
0.02923288854
1.88244483e-33
0.1809966098
0.1921898178
0.2089204891
0.1648787629
0.06018363664
0.05615450083
0.08629183224
0.09220836484
0.1169278785
0.1473127292
0.1564296146
0.1245610627
0.2150182477
0.1869000714
0.2039985314
0.1766318259
0.2404889916
0.2343871532
0.2178274786
0.2560183839
0.2601960623
0.2397750825
0.2285204908
0.249265673
0.2753682669
0.2845452178
0.2654169962
0.2761940959
0.2810993733
0.258959492
0.2725824604
0.2831678102
0.2797776273
0.2723002461
0.2872112278
-0.0001881125253
-3.048976589e-05
-2.781792737e-35
-2.538922476e-36
0.000538435552
-6.421161803e-05
0.001239469633
0.002561388553
0.01028093454
0.01378924508
0.00450762596
0.006795163832
0.01903395928
0.03097134871
0.03755229158
0.02397165856
0.05456036454
0.06458110486
0.07479089374
0.04621469168
0.1229207361
0.09779797242
0.1091992002
0.08577549197
1.614537168e-33
0.02337885154
2.968860422e-33
0.02524048912
0.1492506603
0.1596271419
0.1757450904
0.1341336898
0.0522964805
0.04861002056
0.07518512914
0.08061994381
0.2080995872
0.2012050137
0.2244452142
0.1846510677
0.102531396
0.1300196765
0.1385121389
0.1095841666
0.1932029459
0.1666482706
0.1569689335
0.1826425221
0.2382211534
0.2173364012
0.2271229426
0.2062895352
0.2598007161
0.228884921
0.2443036657
0.2460469455
0.2444195063
0.2574677861
0.2671231749
0.2550524553
0.2749137433
0.2738641664
0.2587474854
0.2701641594
0.2687781134
0.2664461041
0.2657362467
-0.0005141487125
-0.0003473507019
-3.211551827e-35
-3.88629422e-36
-0.001399950714
-7.409331291e-05
-0.0006762824267
-0.001294450456
0.006860791332
1.001277983e-06
0.002245273948
0.003483179308
1.370695642e-33
0.01989909431
2.504395264e-33
0.02159781819
0.009554876178
0.01847327152
0.02463627294
0.01423592078
0.03043031387
0.03818387812
0.04535581896
0.05480010472
0.06309573919
0.07422140559
0.083238723
0.09599822044
0.1194798512
0.1284905692
0.1438802076
0.1052771886
0.04507929112
0.04170525404
0.06498042321
0.06997371135
0.1682564661
0.1751359878
0.1916280337
0.152080277
0.08923446725
0.1218283861
0.1139323603
0.0957477338
0.2129714109
0.2313517311
0.2159603191
0.1967276113
0.1723412215
0.1475807011
0.1623058762
0.1384966042
0.2050740738
0.1847216049
0.1954029605
0.2160602769
0.2370483693
0.24741059
0.2336110714
0.2227280902
0.256089739
0.2319998146
0.2441942589
0.245936387
0.2536554543
0.2475143493
0.252015762
0.2616394828
0.2568959624
0.2552084563
0.2613858635
-0.0008718077659
-0.0006859098025
-3.839366746e-35
-5.477053913e-36
-0.004145312822
-0.002749321898
-0.001940006023
-0.002606755386
-0.003275330278
0.0001192059981
-0.004575158795
-0.00226994166
1.148888694e-33
0.01672731656
2.082177854e-33
0.0182750758
0.006453834195
0.01243479749
0.004918159614
0.000302066769
0.03847550799
0.03539127477
0.05561284396
0.06019472028
0.01542295724
0.02285613466
0.02721457136
0.03618851573
0.07087044616
0.05229399763
0.05881270766
0.04177146888
0.07798244218
0.09145503433
0.09873441527
0.1134561825
0.1361407094
0.1423958745
0.120451782
0.158712735
0.08297471547
0.106325106
0.09900226615
0.0769696536
0.1803039209
0.1838426024
0.2000751309
0.1637907366
0.1430789596
0.1525503352
0.1297052425
0.1212155883
0.201777617
0.2172202233
0.2169214365
0.2310551242
0.1942229222
0.183535116
0.1742582698
0.1640438307
0.2158611205
0.2265086688
0.2009952404
0.2118324761
0.227643063
0.2377214445
0.2450290018
0.2358806453
0.2366432747
0.24677398
0.2286779777
0.2405242186
0.2410293245
0.2481057307
0.2402563113
-0.001284771437
-0.001066834903
-4.756999413e-35
-7.524224203e-36
-0.007143652936
-0.005600629184
-0.003322919446
-0.004078691635
-0.01029760564
-0.006731887768
-0.009444081442
-0.006963395355
-0.009107368975
-0.005545896838
0.0004821329595
-0.004364050277
9.475756299e-34
0.01384381854
1.699555373e-33
0.01524975644
0.03244260539
0.02963088505
0.04703285844
0.05122646875
0.000668189927
0.00804076598
0.0095879317
0.01837410335
0.07120587596
0.06568447875
0.08518878494
0.09195793848
0.0470079932
0.02122154185
0.03143027513
0.0353762097
0.08429632875
0.051803317
0.06477940839
0.07008427371
0.08974120798
0.1262184308
0.1049899991
0.1101763319
0.167383222
0.130749249
0.1507739963
0.1472591818
0.1250145986
0.105118037
0.1338994735
0.1130177543
0.1858536431
0.1864613663
0.1695601084
0.2020014248
0.1627854602
0.1730493687
0.154084951
0.1444031441
0.2250814507
0.2152326279
0.2123238078
0.2008746251
0.1796707017
0.1945601399
0.1902578616
0.2051948202
0.2070019987
0.2173724931
0.2165613626
0.2263610226
0.224925635
0.2318088464
0.2334680542
0.2229017835
0.2312183209
0.2257356122
0.220413414
-0.001785860523
-0.00151753667
-6.119822861e-35
-1.036370486e-35
-0.01057887984
-0.008790553115
-0.004913359022
-0.005812301505
-0.01792430045
-0.01401009142
-0.01487006115
-0.01207523249
-0.01908384583
-0.01799914268
-0.01168320602
-0.01400271038
7.655894571e-34
0.01123365161
1.354534803e-33
0.01250467289
-0.006783021548
-0.00808852063
0.0007933597065
-0.01436009892
0.02694800527
0.02439556288
0.03920201139
0.04302536072
0.0603945613
0.05533723626
0.07245741394
0.07868948971
0.01105118776
0.01236327399
0.0008651785477
0.02385460227
0.1081418596
0.09750774873
0.116428216
0.09019138291
0.05605308409
0.04213722793
0.02623016541
0.03897054555
0.05970962683
0.07845992787
0.09426654415
0.07465848404
0.09785988179
0.1142807315
0.1173233885
0.1340773271
0.1530038823
0.136246874
0.1540365842
0.1704387759
0.1258942175
0.1430135419
0.152768923
0.1350012016
0.1839916304
0.1985704085
0.1857950331
0.1701171075
0.1590659892
0.1736087494
0.1840192945
0.1692614523
0.2148591188
0.2083552727
0.1952169857
0.203481011
0.1965222774
0.206592258
0.1965982548
0.1862287837
0.2136480865
0.2174851292
0.2103289063
0.2088198624
0.2179159904
0.2041534435
0.2085463543
-0.002424212755
-0.00207755145
-8.202527203e-35
-1.459546393e-35
6.020913434e-34
0.008886094509
1.045755609e-33
0.01002702302
-0.01470057426
-0.01253131296
-0.006832530945
-0.007952767341
-0.02657253888
-0.0220887727
-0.02119366618
-0.01790281902
-0.03143257241
-0.02455604356
-0.0244364602
-0.03010524282
-0.02215542218
-0.02640375426
-0.01712661008
-0.03022571179
0.02196692272
0.0196640703
0.0320907706
0.03555756766
-0.009430340783
-0.01081441523
0.0008339998471
-0.01989646324
0.066487852
0.05050352011
0.04589473413
0.06077874644
0.09247420988
0.08316121249
0.1001569654
0.07642057433
0.0134967509
0.02828086717
0.0144140715
0.0007122741559
0.1085764652
0.1243455082
0.1335359273
0.1170824303
0.06273030332
0.02998944771
0.0470338048
0.04483469916
0.08371064909
0.06510766923
0.1005345999
0.08147423049
0.1204011538
0.1023195324
0.1373383671
0.1193432152
0.1374245916
0.1539676233
0.1687304341
0.1529037665
0.1533346015
0.1393964032
0.1633717771
0.1491024539
0.1663846968
0.1909752278
0.1775060194
0.1811846257
0.1864319161
0.1759409082
0.1657838781
0.1763722879
0.1859622801
0.1978420272
0.1915699418
0.201628367
0.199861283
0.1906898054
0.1945024782
0.1847749501
0.1938947953
0.2022849518
0.1942111264
-0.003277482419
-0.00280770857
-1.149118928e-34
-2.129003784e-35
-0.01987072188
-0.01712106547
-0.009258987101
-0.01072020481
4.565785139e-34
0.006794792428
7.72554498e-34
0.007808222777
0.01748163773
0.01542228881
0.02567797185
0.02879773036
-0.03678929481
-0.03144210934
-0.02888431876
-0.02484329707
-0.04647176727
-0.03870634643
-0.03619486744
-0.04276723386
-0.03867351337
-0.04600339446
-0.03599904698
-0.04756958539
-0.03063051913
-0.0347778696
-0.04170301449
-0.02265698898
0.05532610719
0.04150350589
0.03733165447
0.0501285157
-0.01221043991
-0.0136145451
0.0004730970378
-0.02533625264
0.0637900244
0.07801507739
0.08509353134
0.06996259911
0.09248517597
0.1068639987
0.1003748652
0.1154527842
0.0151068361
0.01556485196
0.000134306594
0.03132929693
0.143527031
0.133967639
0.1208090568
0.1299592232
0.04992485569
0.06684711489
0.03230515442
0.04872817354
0.1032692108
0.06797027602
0.08596798088
0.08519435698
0.1366081929
0.1034371053
0.1205662413
0.1199196011
0.1482197997
0.1509515624
0.1632136054
0.1349734025
0.15579082
0.1664014346
0.1565570026
0.1459974436
0.1803177983
0.1593188611
0.168024235
0.1730799523
0.1720446915
0.1653372921
0.1813970825
0.1750333704
0.1783317487
0.177588801
0.184782807
0.1764439272
0.1852524558
0.1741428777
0.1864171629
-0.004478364281
-0.003806303924
-1.705510512e-34
-3.263163702e-35
-0.02664494836
-0.02300552265
-0.01247122854
-0.01446736636
-0.04933011252
-0.04270942376
-0.03862550715
-0.03346002247
3.289331799e-34
0.004958383887
5.351023509e-34
0.00584430804
0.0134818143
0.0116639378
0.01995143054
0.02272903774
0.04048862412
0.0451828815
0.03337331208
0.02963115785
-0.06389707974
-0.05482947546
-0.04995647885
-0.05785099831
-0.05703296396
-0.06762296922
-0.0565105307
-0.06715393867
-0.06525775553
-0.05321804941
-0.06019270671
-0.04726044549
-0.03875436442
-0.04251334757
-0.02791891796
-0.05253610354
0.05228581013
0.05789687407
0.06476231162
0.07123800641
-0.01499852206
-0.01635055844
-0.0003100982864
-0.03034952678
0.09062123664
0.07763955074
0.08490489426
0.0985854877
0.1246766176
0.1119524794
0.1156668129
0.1034023271
0.01579574992
0.01580984186
0.0329221922
-0.0008391297708
0.1271033201
0.1373986901
0.146880339
0.1364263875
0.0509138519
0.06851441777
0.03320040703
0.05064317448
0.08559314616
0.1028991171
0.06851870477
0.08608084972
0.1017197575
0.1326272689
0.1185432235
0.116523542
0.1548216045
0.1296538613
0.1408302131
0.1448124407
0.1534114604
0.1462617875
0.1627007151
0.1557321134
0.1675533285
0.1624470605
0.156448341
0.1498126164
0.1606328829
0.1623525287
0.1616398681
0.1675409419
0.1700503497
0.1586091468
0.1700832646
-0.006280987609
-0.005258911146
-2.706770981e-34
-5.494854179e-35
-0.03591885448
-0.030884322
-0.01693450801
-0.01980976472
-0.06528122986
-0.05679322416
-0.05145459561
-0.04459177018
2.195012399e-34
0.003381433873
3.34590373e-34
0.004136736997
-0.07641713704
-0.0847115582
-0.07380835305
-0.06662831724
0.01734426019
0.009965540151
0.008391836462
0.01490928704
0.0318488942
0.03604377565
0.02610084887
0.02278630722
0.04695189571
0.04189820782
0.05271220756
0.05858695725
-0.07807419888
-0.09211768534
-0.07945340635
-0.08990926383
-0.07793489496
-0.0877744802
-0.09134403998
-0.07366724859
-0.08153790407
-0.06677196434
-0.07286708117
-0.05747240142
-0.04914737611
-0.04598899698
-0.03261196952
-0.06197644823
0.07564881994
0.06404909236
0.08297483698
0.07068615785
-0.034668181
-0.01764642933
-0.01887021709
-0.001443606905
0.08724004836
0.09516180964
0.1069515725
0.09853952407
0.1191266311
0.1281410354
0.1092640867
0.1180431321
0.01562529445
0.01526490023
-0.002102524989
0.03316576326
0.1369585458
0.1278543974
0.1351804803
0.1442266867
0.05025958429
0.06803754302
0.03284645668
0.05077164387
0.08306308402
0.09998145491
0.06711780672
0.08456530948
0.09774998112
0.1139434177
0.1261536057
0.1108850694
0.1443955237
0.1315095848
0.1222034141
0.1363667205
0.1497020732
0.1408689864
0.1447011553
0.1531730613
0.1386472856
0.153474331
0.1435378412
0.1501180748
0.1461447382
0.1544713321
0.1465069031
-0.009104262805
-0.007476479402
-4.51240307e-34
-9.496145919e-35
1.291869605e-34
0.002075407513
1.734378913e-34
0.002693373614
-0.04923439622
-0.04192442203
-0.02347549418
-0.02782632884
-0.08624252925
-0.07501186637
-0.06901281084
-0.05953658047
-0.1102141308
-0.09678503701
-0.08745605029
-0.09993185606
0.0126472582
0.006940698294
0.005619220087
0.01056151629
-0.1028268658
-0.1204753999
-0.1057501438
-0.1169708256
0.01680175267
0.02420909608
0.0279033198
0.01968478635
0.03712106
0.03262435278
0.04186325248
0.0471373091
0.05171901687
0.0619655095
0.06864510743
0.0577254038
-0.1056051751
-0.1182734843
-0.102614442
-0.1208218466
-0.112999341
-0.09692205173
-0.1052512542
-0.08877272405
-0.0783771443
-0.08324953064
-0.06601184109
-0.09524602273
-0.03650416636
-0.0519488002
-0.06952656714
-0.05437267606
0.08265632668
0.09043922361
0.0796380323
0.07236240949
-0.02000362087
-0.00279813836
-0.0380985998
-0.02103046562
0.09259003035
0.1019004442
0.1103753635
0.1007754232
0.1189715286
0.1103329027
0.1176353228
0.1263085453
-0.003512167307
0.01475165954
0.03227912273
0.01411371281
0.1321488421
0.1235779607
0.1279431781
0.1362784561
0.06581960347
0.04829642075
0.0314942265
0.04941898036
0.07888458563
0.09510449724
0.06419027112
0.08114841023
0.1074247287
0.09210580479
0.1036351363
0.1178912716
0.1209260885
0.1132833707
0.1263384383
0.1326528598
0.130550475
0.1299083549
0.1385162194
0.1367797408
0.1387163714
0.1312413228
0.126474845
-0.01416186525
-0.01108189449
-9.45835593e-34
-1.980091659e-34
5.951692516e-35
0.001059012485
5.538949173e-35
0.001529238926
-0.06933449804
-0.05820586035
-0.03356820744
-0.04062149229
0.004426021238
0.006930617716
0.008654240264
0.003370183604
-0.1145757255
-0.09930248306
-0.09400922988
-0.08039726389
-0.1420492199
-0.1252337022
-0.114152653
-0.1303785227
-0.1325320711
-0.153773986
-0.1364450766
-0.14967488
0.01169480013
0.01758054702
0.02076689064
0.01413608591
-0.1371112137
-0.1524126847
-0.1545711529
-0.1348511119
0.02840586098
0.02447053253
0.03221940193
0.03688989795
0.04602750353
0.0406548669
0.04958363899
0.05561109824
0.05879466424
0.06806246264
0.07519615502
0.06541290253
-0.1298458165
-0.1401695869
-0.1475217014
-0.1223705719
-0.112634621
-0.1190091415
-0.1009072091
-0.1305818109
-0.09091306629
-0.08743501711
-0.07250471201
-0.1056989643
-0.0394418984
-0.07492933894
-0.05640315545
-0.05803226351
0.08582834067
0.07715392227
0.09371517566
0.08471316034
-0.02193948919
-0.0227171085
-0.004224007722
-0.04052744235
0.09384853254
0.1019531607
0.1009772128
0.1091858868
0.1151838346
0.1197349949
0.1116815774
0.1069927378
0.01337424606
0.01256145915
-0.004919899226
0.03053125353
0.1237744555
0.1226518626
0.1148585179
0.1163549922
0.04537356269
0.02941871467
0.0622878707
0.04693318926
0.07632884834
0.08882423328
0.07353743585
0.06015553396
0.08531223226
0.1084530427
0.09958196715
0.09532626284
0.1096303661
0.1034545425
0.1201805401
0.1138190128
0.1160429907
0.1153372961
0.1229795241
-0.0244913259
-0.01868987148
-1.926060604e-33
-5.612117692e-34
0.000665931148
1.253056773e-35
0.0003558692775
-1.496292187e-35
-0.1011989946
-0.08324134331
-0.05070718604
-0.06364667435
0.002450542185
0.004049681909
0.005393402528
0.001677161126
-0.1537470836
-0.1325884989
-0.1305582075
-0.1105451584
0.009478220348
0.007494251968
0.01198605565
0.01465167926
-0.1703546803
-0.1820678088
-0.1609403833
-0.1490042503
-0.1893837704
-0.1685797942
-0.1930011748
-0.1726074252
-0.1732877264
-0.1907258111
-0.1710362607
-0.1933133804
0.0208177285
0.01745329016
0.02379239069
0.02785234138
-0.1660700051
-0.1779264846
-0.1586915678
-0.1855067856
0.03086616578
0.03851434745
0.04388394489
0.03559962664
0.0547871627
0.04655422639
0.06125853345
0.05250696818
0.07824860893
0.06300284137
0.07098171318
0.06991494893
-0.1682192904
-0.1375805926
-0.1491094247
-0.1566075615
-0.1243288443
-0.1285824737
-0.1433208281
-0.1096106894
-0.09367751929
-0.1126395005
-0.07680219677
-0.09573335569
-0.05926370746
-0.04135116189
-0.06010026656
-0.07813336658
0.08602815144
0.07850337802
0.08534507509
0.09302648572
-0.02335919604
-0.02385631958
-0.0419182757
-0.005580397758
0.09902333688
0.0912942774
0.09614334776
0.1038112475
0.1090235632
0.1072006723
0.1018087074
0.09970610342
0.01169560033
-0.006197027889
0.02819375721
0.01080163144
0.1074419933
0.1091405686
0.1010865587
0.102309586
0.04365461485
0.05784478212
0.04181498185
0.02688041835
0.05539202889
0.07055950701
0.08162885684
0.0674421689
0.0864174611
0.07781688437
0.09834659727
0.09092172864
0.09805913059
0.103855907
0.09317178336
-0.03993371392
-0.02980693484
-3.954802261e-33
-8.899436978e-34
0.0001264859845
-9.682427467e-36
-1.349554919e-05
-3.328875924e-35
-0.1553957991
-0.1249444622
-0.08112895052
-0.1015072221
0.001047560078
0.0005695723896
0.001953253677
0.002900248431
-0.2075987725
-0.1787430286
-0.1858662803
-0.1553327156
0.004234314194
0.007456289292
0.009585140236
0.005744068967
-0.2316802845
-0.2056568592
-0.194755989
-0.2223749911
0.01437808159
0.01159800176
0.01660228648
0.02004057907
-0.2368379495
-0.2121500401
-0.238540716
-0.2150327555
-0.2146438866
-0.2331894457
-0.2371929931
-0.2114870771
-0.2057974339
-0.2183862253
-0.1978603532
-0.2268552684
0.02236870428
0.02645427112
0.02877156488
0.03347574918
-0.1878761001
-0.1958906846
-0.2080080606
-0.1760715708
0.04865051753
0.03565641792
0.0428512825
0.04093597287
0.05016786514
0.06403323243
0.05740705898
0.05641877216
0.07127953567
0.07083208186
0.06436464464
0.07794448237
-0.1626433644
-0.1672294114
-0.1822402443
-0.1478095504
-0.1510737377
-0.1148051033
-0.1317864956
-0.1339669564
-0.1161429718
-0.09710614619
-0.09781900746
-0.0789381453
-0.06056007567
-0.06065414505
-0.0792452297
-0.04223016734
0.0886976074
0.08381763131
0.08148700279
0.0766064335
-0.02421074073
-0.006753785132
-0.0423007435
-0.02441759452
0.09239563405
0.08528905077
0.08783669413
0.09473976643
0.09479136699
0.08897978616
0.09558022569
0.08858334366
0.009895210929
0.008996458533
0.02551064626
-0.007247402028
0.08278987226
0.08797554194
0.0922780739
0.08654675854
0.03988536067
0.037897345
0.05284024473
0.02410288928
0.06998252021
0.06422520324
0.05021821309
0.07727358437
0.06094622842
0.07392372399
0.08185539303
-0.09918069711
-0.06025124497
-1.77261941e-32
-4.897449172e-33
-0.2413534581
-0.195831728
-0.1330365447
-0.1763304939
-7.187844355e-36
-8.221462425e-05
-8.532722653e-36
-7.066698287e-05
0.0002364906273
4.261186089e-05
0.0006531146477
0.001202342403
-0.2762628792
-0.2403275894
-0.2669252164
-0.2228729486
0.001938290564
0.004019809743
0.005598487751
0.002965672133
-0.2898082402
-0.2601197645
-0.2527711398
-0.2849813023
0.009114887188
0.006933040718
0.01067506585
0.01347814676
-0.2907457333
-0.2632357412
-0.2888055461
-0.2633358446
0.01861072114
0.01518500034
0.0203746881
0.02440289727
-0.2607007122
-0.2785035964
-0.2556672835
-0.2847411982
-0.2484931041
-0.2605399664
-0.2393741644
-0.2704146379
-0.2490759313
-0.2284763193
-0.2361037672
-0.2159663378
0.0373912118
0.02611901926
0.03227366499
0.03071597279
-0.2020091301
-0.2062881482
-0.2218057019
-0.1867682209
0.04513602004
0.0511069361
0.03867225029
0.04425085501
0.05776167475
0.06401549504
0.05749953112
0.05147660412
0.06301166645
0.0696680677
0.06781987812
0.07452497625
-0.1897345839
-0.1531610104
-0.1704244092
-0.172286487
-0.1541445102
-0.1351819527
-0.1166927821
-0.1354808461
-0.0979178725
-0.09743703962
-0.07907896893
-0.1165133718
-0.05984415514
-0.06040998402
-0.04213596545
-0.07847917271
0.07174239624
0.07840002347
0.07460344498
0.08112015163
-0.02448427347
-0.007666183197
-0.04175543441
-0.02441008888
0.08249059335
0.07624776506
0.082529143
0.07653178059
0.07764884265
0.08089260048
0.07534046309
0.07257538691
0.008115952317
0.007268595778
0.02268279304
-0.008011426846
0.07270331719
0.06209019892
0.0681731023
0.06602989252
0.02126310769
0.03587457779
0.04756002583
0.03384150574
0.05763572687
0.04488698791
0.05432250082
-0.1741307848
-5.420705356e-63
-3.378491008e-05
-7.816728688e-67
-0.2866569845
-0.2497993133
-0.3091327511
-0.3137951107
-2.66862519e-05
0.0002825711351
0.002711844084
0.001148452043
-0.3177308989
-0.3193901755
0.005054526024
0.008192056972
-0.3179799431
-0.3141047725
0.01668806422
0.01209426768
-0.3085631865
-0.3011822179
0.02750057971
0.02186744271
-0.2921483551
-0.2815369077
-0.2560701071
-0.2694903483
-0.2256275582
-0.2414162231
0.03949730032
0.033433308
-0.1912272595
-0.2088538668
0.04551135876
0.05128946356
0.05664159188
0.06138081332
0.06532466842
0.06830081925
-0.1729202433
-0.1540948979
-0.13494482
-0.1156551806
-0.09643308234
-0.07747509085
-0.05898915863
-0.04116839877
0.07014936369
0.07072680535
-0.02420610925
-0.008275655542
0.06759428965
0.06990916437
0.05819074669
0.06370513914
0.006460176828
0.01986323483
0.051028619
0.03181501179
0.04222499415
0.06272106555
0.05932008559
-0.2779000274
0.0543483622
8.894708881e-05
0.04777527136
0.0005833319666
0.03958864709
0.02981305772
0.01849074499
-0.3456624765
0.001680363507
0.005700780565
-0.3375818166
-0.3310139652
0.003478318235
-0.008463796041
-0.02387498018
-0.04039758546
-0.3017905051
0.006037315631
-0.05786464141
0.009342557473
-0.0761116205
-0.09494566719
-0.2445365032
-0.2275895906
-0.1141882787
0.01334986668
-0.1336349802
0.01796604114
-0.1531092688
-0.1724082388
-0.1913721048
0.02307680612
-0.2098094074
0.02853874178
-0.2605586891
0.03419427709
-0.2754920337
0.03987105613
-0.2892923144
-0.3130208095
0.04538886479
-0.322740418
0.0505645786
-0.3429625428
0.05521307705
0.05915652952
-0.3461820872
-0.3429968996
-0.3396255039
0.06222069429
-0.3133279514
0.06424754964
0.06508788478
-2.381844119e-05
0.06461637187
-7.241991947e-36
-7.199042184e-32
-0.2670552033
-2.872669322e-32
6.257663876e-06
-2.286250429e-36
-0.3515627164
-0.3363283751
-0.3637993419
-0.3617734297
0.0002320384981
0.0009060005307
0.004205799497
0.002204776967
-0.3571258325
-0.3621666762
0.01036127885
0.006934288736
-0.3419846866
-0.3504604571
0.0144188522
0.01900507831
-0.3320493614
-0.3206000036
0.02923026106
0.02399135977
-0.3078947568
-0.2939273109
-0.2627229238
-0.2788526235
-0.245685896
-0.2278327523
0.0345578531
0.03980206228
-0.2093210832
-0.190277392
0.04932314742
0.04478349236
0.0532430755
0.05637287119
0.05855080494
0.0596288232
-0.1708749986
-0.1512674461
-0.1121666093
-0.1316412038
-0.09303458438
-0.07441952044
-0.05650466038
-0.03945415854
0.05797324762
0.05947424215
-0.02343003298
-0.008571952568
0.05503276636
0.05058274266
0.03699683641
0.04457739427
0.01715951582
0.004992132902
0.02784660644
0.04144996825
0.0003913975052
0.03445853874
0.02592817067
0.001226303202
-0.3517662556
0.01587278038
-0.3660000552
0.004340298243
0.002706228282
-0.008607662143
-0.02287624318
0.004871830763
-0.3571506736
-0.3479617056
-0.03836193667
-0.05492989854
0.007731788781
-0.07244436567
-0.09074048436
0.01123169881
-0.1096626819
-0.1290277475
0.01529273827
-0.1486740891
-0.2450239186
-0.1684116639
0.01979703971
-0.1880864252
-0.2075107489
0.02461028958
-0.2265501118
0.02957723683
-0.2628265441
-0.2797811651
0.03453272385
-0.2958190521
-0.310747543
0.0393040994
-0.3245359736
-0.3369359121
0.04371474338
0.04759145838
-0.3645324499
-0.3690841619
0.05076249863
-0.3707351972
0.053068646
-0.3166742084
0.05435707492
-0.2534716769
0.05449505465
4.858944902e-05
0.05336055372
0.05085767638
0.04690458233
-5.776062976e-32
-8.253212152e-36
-0.2068099962
-2.258527775e-32
-1.2560234e-36
9.237615724e-05
-0.2975247962
-0.3426356357
-0.3690153111
-0.3621115879
0.0005428362706
0.001530656154
0.005462810501
0.003161714964
-0.3699549697
-0.3660683527
0.008411997093
0.01194446301
-0.3495820103
-0.3590920369
0.01596144573
0.02033928619
-0.3382394658
-0.3252163371
0.02493299506
0.02958568875
-0.3108500937
-0.2952422668
-0.261070353
-0.2786156127
-0.2427897707
-0.2238915487
0.03412927657
0.03839333061
-0.2045526117
-0.1849104045
0.04539670539
0.04220500918
0.04928222859
0.04780607885
0.04968608913
0.04889513583
-0.1454085131
-0.165144729
-0.1067288233
-0.1258833045
-0.08812125767
-0.07021592494
-0.03713276836
-0.05317351425
0.04332766314
0.04680393709
-0.008569747555
-0.02222798188
0.03840220247
0.03198700863
0.02406387033
0.003743845073
0.01463990822
0.0006909167181
0.0134607432
0.001807121992
0.003205751203
-0.008467399806
-0.3287464798
-0.0214915832
0.003567930618
-0.0357900729
0.005967860375
-0.3658341918
-0.05125567989
-0.06777751433
-0.08521553645
0.008971716668
-0.1034342003
0.01249318307
-0.3232162081
-0.122269502
-0.1415722167
-0.1611634444
0.01642535895
-0.2755746532
-0.1808912572
0.02063250325
-0.2005690944
-0.2200515695
-0.2391471287
0.02496621091
-0.2577224583
0.02926534948
-0.2925810141
-0.3085039438
0.03336254836
0.03708991181
-0.3363830774
-0.3478215394
-0.356947098
0.04027890193
-0.3634011844
0.04277014889
-0.3629067504
-0.3515485034
0.044408536
0.04505588147
-0.2801371824
-0.1834919743
0.04458243946
0.04288146065
0.02226191757
0.00013420021
0.03985793397
0.03544427173
0.02958675765
-3.237034326e-32
-5.886263749e-36
-0.1666712907
-1.454810336e-32
-2.011810211e-37
0.0001746379804
-0.2598791238
-0.3107260447
-0.3532441197
-0.3389626583
0.0008204198302
0.00205251731
0.00638321652
0.003912381523
-0.358380788
-0.3572159147
0.009402770956
0.0128769925
-0.3431674838
-0.351847597
0.01668294835
0.02068140712
-0.3188844328
-0.3320407055
0.02862854752
0.02471686035
-0.2880886652
-0.3041577781
-0.2529717434
-0.2709698557
-0.2151711592
-0.234320386
0.03541524251
0.03224935967
-0.1761324413
-0.1957235442
0.03796402426
0.03974308465
0.04060846721
0.04043092634
0.03909521813
0.03650483597
-0.1565853239
-0.1372380057
-0.09982633212
-0.1182678265
-0.08207618403
-0.06515626561
-0.03434540406
-0.04920706932
0.02726675678
0.03258102721
-0.008301281172
-0.02068149372
0.01234122125
0.02052470246
0.002722333592
0.002260281032
-0.008081424189
-0.1510197918
-0.01980457952
-0.03282078064
0.00419744832
-0.04704628747
-0.3247918374
0.006704274319
-0.06239149322
-0.07873798096
-0.09596769344
0.009707621627
-0.3442900286
-0.3363369909
-0.1139338484
0.01309578468
-0.1324980421
-0.1514915739
-0.1707636504
0.01674000206
-0.1901283279
-0.2650012622
0.02049256127
-0.2094282751
-0.2284602834
-0.2470613145
0.0241965519
0.02769024986
-0.2821020608
-0.2980779135
-0.3127050584
0.03080895001
-0.3255729089
0.03339386761
-0.3487385764
0.03528840723
-0.3483061909
0.03635016429
-0.3414742562
-0.2938451099
0.03644318335
-0.2403976142
0.03545198342
0.033270869
0.0002094473721
0.002294389665
0.02981914366
0.02502816923
0.01885724415
0.01127871326
0.0009387572549
-2.55729567e-32
-3.312529496e-36
-0.1368526705
-1.147333478e-32
5.789886085e-37
0.0002417030705
-0.2770733236
-0.2230184026
-0.3097319442
-0.3280627775
0.001035384151
0.00243202515
0.006932462227
0.004416406899
-0.3383769874
-0.3367148866
0.009884081524
0.01315381065
-0.3349714169
-0.3276831622
0.01660069331
0.02007541526
-0.3174872991
-0.3049547678
0.02646698592
0.02341740513
-0.2748343522
-0.2906253763
-0.257932709
-0.2401542075
-0.2029459051
-0.2217614614
0.03105074205
0.02906263317
-0.1839264857
-0.1648751066
0.0326255322
0.03228329035
0.03195399564
0.03016255689
0.02716037071
0.02287691918
-0.1459851356
-0.1274154859
-0.0918993244
-0.1093387561
-0.05950676515
-0.07524716435
-0.04480064159
-0.03122676751
0.01027672045
0.01725923756
-0.01887466968
0.001916790678
-0.007809554785
-0.04248653899
0.004573880517
-0.1252635018
-0.05653655063
-0.0716337397
0.007066810019
-0.0876754441
-0.1045303951
0.009937608456
-0.1220702303
-0.1401361504
0.01305493516
-0.1585792013
-0.3242463654
-0.1772152647
0.01627399113
-0.1958774648
-0.2960074717
-0.2143538761
-0.2820190535
0.01944044395
-0.2324566628
-0.2499339715
0.02239408559
-0.2665623842
0.02497728961
-0.3080634648
0.02703239258
-0.3177279149
0.02841343606
-0.3268025779
-0.3239845768
0.02897903555
-0.3141127383
-0.2943670304
0.0286062256
-0.2609838658
-0.2075506465
0.0271801365
0.024609061
0.0002671629315
-0.02958339043
0.02081183173
-0.01789852837
0.01573350116
0.009330949369
0.001588944546
0.001117806976
-0.007495913939
0.002563736159
-2.028039306e-32
-9.808257858e-37
-0.1149553548
-9.267853485e-33
1.108919168e-36
0.0002896962897
-0.1931648756
-0.2454353048
-0.299705627
-0.2791763067
0.002658986095
0.001178621618
0.00466670038
0.007111514515
-0.3142690649
-0.3105849988
0.01280643095
0.009869901144
-0.3067121795
-0.3125735477
0.01576792892
0.01860008758
-0.2976577674
-0.2860712244
0.02324046675
0.02114231468
-0.2574552308
-0.2725360807
-0.2241018216
-0.2412168996
-0.1883247487
-0.2063980229
0.02550936425
0.02474270258
-0.1701141125
-0.1519508914
0.02432850991
0.02540949434
0.01883687854
0.02216498815
0.008443329579
0.01427793955
-0.1340309803
-0.1165146752
-0.09956860556
-0.08333004134
-0.06793680078
-0.05350048237
-0.04012756808
-0.02789980143
-0.007142671615
0.001304935653
-0.01688892569
0.004700169462
-0.07890872326
0.007067834442
-0.09449305163
-0.1108156756
-0.2308068796
-0.1277278015
0.009687858652
-0.1450838647
0.01241474255
-0.2967784906
-0.1627036088
-0.1804146377
-0.3001898388
-0.1980008799
0.01509327065
-0.2152574146
0.01756745269
-0.2319189661
-0.2477310034
-0.2623482864
0.01967864319
-0.2754272778
0.02127751728
-0.2864789804
-0.2949881972
0.02221737774
-0.3012215301
0.02236825965
-0.2852804693
-0.264314917
0.02160674746
0.01983124959
-0.1801203719
-0.1060263757
0.01694943512
0.01289402762
-0.06418131208
0.0003053702512
0.007608573695
0.001063423881
-0.006759828314
-0.01585208935
0.00122443648
-0.02619376433
0.00271528475
-0.03773765385
-0.05042797603
-1.666587188e-32
9.630034872e-37
-0.09805158285
-7.698020914e-33
1.428646242e-36
0.000318130572
-0.2168654692
-0.1679961861
-0.2708848836
-0.2498475639
0.001250149005
0.002736909331
0.006941360394
0.00467353701
-0.2828306061
-0.2877954479
0.009395821277
0.01188888464
-0.2827185466
-0.2873707021
0.01635685382
0.01426072628
-0.2747758699
-0.2642264317
0.01802134354
0.01910962493
-0.2516610846
-0.2375185087
-0.2222043646
-0.2060277238
-0.1722279689
-0.1892899553
0.01901935704
0.01948319666
-0.1550799235
-0.1380379439
0.01515248903
0.0176066583
0.01157864633
0.006827755525
0.0008582076301
-0.006349545403
-0.1050150503
-0.1212966094
-0.07443858818
-0.08935246919
-0.04733475762
-0.06039941818
-0.03533669088
-0.02447282649
-0.01479950578
0.006734826346
-0.09916716149
-0.09089450885
-0.1147840204
-0.1308888537
0.0090012532
-0.1473074941
0.01123704113
-0.1638663961
-0.1803501988
-0.2688891544
-0.1965449877
0.01328201998
-0.2742796566
-0.2121806024
0.01498322922
-0.2269851497
-0.2406052403
-0.2526742143
0.01618815432
-0.2626995918
0.01675957799
-0.2701472164
-0.274254874
0.01656530005
0.01549406081
-0.2567645277
-0.2358806983
-0.2037363643
0.01344274931
-0.1568796852
0.01033266348
0.00609512513
0.000324447778
-0.08417866094
0.0006876904058
-0.005921305843
-0.0566112226
-0.04424540521
-0.01373661558
-0.02275246922
0.001261150081
-0.03293610303
0.002722438622
-0.06995703507
0.004592023744
-1.404583458e-32
2.520293256e-36
-0.0843688288
-6.519394978e-33
1.588070238e-36
0.0003279952032
-0.1912754761
-0.1465103674
-0.2429162425
-0.2224073559
0.0012541663
0.002676246369
0.006454445677
0.004456653134
-0.2606781917
-0.2550816349
0.008510384473
0.01046919922
-0.2573795524
-0.2610888912
0.01346209739
0.01216979433
-0.2408771019
-0.2504190883
0.01424992581
0.01419924201
-0.2293298938
-0.2162258128
-0.1868880104
-0.2019713393
-0.1553918069
-0.1712798779
0.01182310747
0.01349226289
-0.1394614023
-0.123682615
0.009152583621
0.005411486864
0.0005457380722
-0.005476963989
-0.01267357628
-0.02103863199
-0.1082451036
-0.0933041785
-0.06548488166
-0.07901024903
-0.04117203934
-0.05284254708
-0.03055237422
-0.1315915646
0.007930769168
-0.146883502
-0.1621443759
0.009594791298
-0.1795135717
-0.1771584661
-0.2094816979
-0.1916582078
0.01093627437
-0.2053660757
-0.2179319247
0.01180975852
-0.2289838227
-0.2380424273
0.01207316907
-0.244581032
-0.247907381
0.01160486319
-0.2472312659
-0.241500804
0.01029032241
-0.2294702747
0.008039320391
-0.1369209857
0.004771037758
-0.07843627349
0.0004308575427
0.000325719335
-0.1164788441
-0.00502536035
-0.1017160471
-0.01161495067
-0.01934468244
-0.02819460808
0.001233345117
-0.03813488814
-0.04910910094
0.002597751744
-0.06105216127
-0.07387194945
0.00427219554
-0.08746923489
0.006104010478
-1.19704717e-32
3.723322052e-36
-0.07297254241
-5.574490884e-33
1.623701337e-36
0.0003208901286
-0.1279250755
-0.1683538343
-0.1970704656
-0.2164101891
0.001196931005
0.002491111674
0.005689928938
0.00404106259
-0.2282090357
-0.2339550037
0.007270072091
0.008624343331
-0.2318187477
-0.2348397782
0.009595585558
0.01004257177
-0.2256832696
-0.2170671224
0.00884805262
0.00983160971
-0.1944735797
-0.2065171053
-0.1674138496
-0.1813319981
-0.1383871752
-0.1530173358
0.004174804782
0.00698956651
-0.1237549603
-0.1093116582
0.0003372091453
-0.00456787537
-0.01056966906
-0.01767509909
-0.03514294823
-0.02587633562
-0.09523901053
-0.08168616222
-0.05667427095
-0.06879363514
-0.04543125095
0.00653571098
-0.1577305354
0.007568267576
-0.1710529535
-0.183640718
-0.1951554785
0.0081602431
-0.2052328437
0.008177946425
-0.2134170966
-0.215263048
-0.2192049272
-0.2219586317
0.007493801722
-0.2209533432
0.006004893828
-0.2038058716
-0.1852015225
0.003617248502
-0.1578028326
0.0002636595871
-0.1195445599
-0.06793944401
-0.004112714164
-0.00954146257
-0.1439475933
0.0003109532091
-0.01604145389
-0.02360467407
-0.1022268873
-0.03221275758
-0.04182095809
0.001147885496
-0.05237494879
0.002356466033
-0.06379394922
-0.07598846153
-0.08884122834
0.003767419804
0.005216825489
-0.115989082
-0.1299632072
-1.027891116e-32
4.606362571e-36
-0.06326518057
-4.794423352e-33
1.562727697e-36
0.0002987165446
-0.1116556163
-0.1477902387
-0.1916361347
-0.1738351169
0.001085750766
0.002197601292
0.00469108146
0.003454827967
-0.2082451806
-0.2026898864
0.006437413239
0.005736515875
-0.2093263478
-0.2067801032
0.006645595309
0.006232916343
-0.2013185299
-0.1935288139
0.003100053533
0.005082704896
-0.1839202649
-0.1729138612
-0.1481488649
-0.1608859223
-0.134988794
-0.1216440187
0.0002047910061
-0.003660721288
-0.09524881788
-0.1083359675
-0.01444703461
-0.008538259549
-0.0213907834
-0.02935079297
-0.03829412727
-0.0481651568
-0.07039308402
-0.08255414412
-0.05889552396
0.005243040465
-0.1623595336
-0.1728606585
-0.182029084
0.005064390212
-0.1894390038
0.004225870569
-0.1629857956
-0.1946194031
-0.1969900457
-0.1958952522
0.002618195687
-0.190523522
0.000160008757
-0.1799387376
-0.1383107424
-0.003219586452
-0.1042695128
-0.007563122739
-0.05892358102
-0.01290206337
0.0002821298546
-0.1508740391
-0.01924025555
-0.02657068041
-0.1261762829
-0.1134745052
-0.03485973476
-0.04406351362
0.001012391055
-0.05411205275
0.002015315121
-0.06492559468
-0.07639762509
-0.08841190597
0.003106811712
-0.1008228904
0.004118042244
-0.1387248919
0.004879697978
-8.859904842e-33
5.200884666e-36
-0.05486747881
-4.134623592e-33
1.425621747e-36
0.0002635176195
-0.1293129508
-0.09729900845
-0.1686911417
-0.1526158153
0.0009284869616
0.001812957196
0.002727931252
0.003503968098
-0.1787713372
-0.1839088861
0.003975095713
0.003996240004
-0.1849848696
-0.1827451789
0.003433046113
0.002174456092
-0.1707632501
-0.177825786
0.0001243661375
-0.002789641982
-0.1520079309
-0.1620256886
-0.1294855739
-0.1410621561
-0.1054765922
-0.1175479213
-0.0114090149
-0.00662331229
-0.0934799572
-0.08173264171
-0.02387707812
-0.01716256457
-0.03153028557
-0.04007759433
-0.04946045675
-0.07039455143
-0.05959753989
-0.1665126465
0.001764563079
-0.05107904293
-0.1712065736
-0.1733401846
-0.1207874069
9.79555327e-05
-0.1723254261
-0.1674526
-0.002378285533
-0.1579121786
-0.1427314297
-0.005721495583
-0.09075050289
-0.009977329408
-0.0151623583
0.000241331859
-0.1597818913
-0.02128158098
-0.1514487005
-0.02831263167
-0.03622212572
-0.04495065118
0.0008349015667
-0.05442822842
-0.1091284063
-0.0976828636
-0.06455899815
0.001591954102
-0.07523641088
-0.08632634072
0.002321103195
0.002854879909
-0.120471024
-0.1314800855
0.003029735613
-0.1419057754
0.002709059567
-7.646418314e-33
5.533299555e-36
-0.04752569649
-3.567238776e-33
1.228015808e-36
0.0002174092766
-0.1126949398
-0.08456036955
-0.1475796688
-0.1332983222
0.000733336131
0.001355202536
0.002176897637
0.001891790016
-0.1611417498
-0.1565636088
0.001392817842
0.002054366099
-0.1620733156
-0.1600135255
-0.001985408943
7.631404494e-05
-0.1491015082
-0.1555276893
-0.008609155119
-0.004864705821
-0.141160996
-0.1320712621
-0.1116980805
-0.1221575824
-0.09010724963
-0.1009434737
-0.01324821488
-0.01878782758
-0.06893380642
-0.07938293101
-0.02521700006
-0.03250239286
-0.04059535263
-0.04942524583
-0.05890729893
-0.001618417936
-0.1503803124
-0.004055575227
-0.1461138261
-0.1377009827
-0.1243176646
-0.007313853341
-0.1050245461
-0.01142455422
-0.07873208523
-0.0441942212
-0.01640637897
-0.022249087
-0.1512012312
0.0001907014783
-0.02893051046
-0.03640191199
-0.1387555027
-0.04460327318
-0.05344925845
0.0006237475309
-0.06284326235
-0.113114374
0.001104748725
-0.07266274946
-0.08277282645
-0.09300969455
0.001442372002
-0.1031946402
0.001476702878
-0.1225362089
-0.1311841256
0.001055895271
6.030775665e-05
-0.1448918778
-0.1491969184
-6.595328853e-33
5.624958361e-36
-0.04106129442
-3.073883841e-33
9.823260777e-37
0.0001625596682
-0.07321760631
-0.09774536065
-0.1282548822
-0.1157586509
0.0005087669246
0.0008430480105
0.0009791412466
0.0007602928932
-0.1360931764
-0.1400328265
4.589705146e-05
-0.001276923951
-0.1387583577
-0.1407295882
-0.0060938309
-0.003301444111
-0.1287511975
-0.1346200012
-0.01414077813
-0.009699978627
-0.1133101834
-0.1215366183
-0.09497017451
-0.1043690853
-0.08534376971
-0.07568772179
-0.01941804952
-0.02551064361
-0.05697122337
-0.06617985964
-0.03238034
-0.03996735787
-0.04819653445
-0.008079538558
-0.1192415505
-0.03811666412
-0.1076191949
-0.09084575279
-0.01200170779
-0.06801844904
-0.01672954812
-0.02225366805
0.0001324344941
-0.1265045856
-0.02853671667
-0.03552915821
-0.1306667835
-0.1287159451
-0.0431561493
-0.05133110791
0.0003875370262
-0.05994290599
-0.1122314921
0.0005727648305
-0.06886793267
-0.07795633108
-0.08704346226
0.000504032036
-0.09593406634
3.499686868e-05
-0.1044140134
-0.1191095983
-0.0009687663373
-0.1247239332
-0.002605409671
-0.1301104244
-0.004959210827
-5.676793246e-33
5.492941757e-36
-0.03534299199
-2.641635006e-33
6.990350636e-37
0.0001011952276
-0.08430069498
-0.0630970104
-0.09987162771
-0.1106409713
0.0002635418641
0.0002959377839
-0.0006932860619
2.409404456e-05
-0.1206018403
-0.1173344288
-0.001975804569
-0.003913406403
-0.1190659149
-0.1210109384
-0.009993687784
-0.006572928966
-0.1098318572
-0.1152093968
-0.01419302242
-0.019163932
-0.09585134277
-0.103278305
-0.08781999062
-0.07941890194
-0.07085762553
-0.06231770345
-0.0312926402
-0.02487989698
-0.05396123072
-0.04592685492
-0.03833685971
-0.05845347642
-0.01625261688
-0.03273179601
-0.02141614065
6.879369222e-05
-0.0780983768
-0.02726809678
-0.09251178435
-0.03374442835
-0.04076868489
-0.04824075229
0.0001352005052
-0.05604805874
-0.1117647037
-0.1098175739
-0.06405423917
1.584486057e-05
-0.1009302366
-0.07210870671
-0.08003407168
-0.000459090147
-0.08763511655
-0.09468415644
-0.001416615832
-0.1060820476
-0.00296835342
-0.00518691039
-0.1115106765
-0.1085813638
-0.008128875955
-0.1024487991
-0.01181541314
-4.869333641e-33
5.151336776e-36
-0.03026984014
-2.261005788e-33
3.877634913e-37
3.561968392e-05
-0.05405751503
-0.07221802963
-0.08551475141
-0.09464641983
6.773675598e-06
-0.0002658647214
-0.0009378060357
-0.002129183788
-0.1002300302
-0.1028242364
-0.003933573116
-0.006414083616
-0.102921555
-0.1009639867
-0.01352575502
-0.009607999473
-0.09240204281
-0.09734167593
-0.02346000118
-0.01815484707
-0.0864525552
-0.07976522032
-0.06511412389
-0.07258156957
-0.05006108563
-0.05755213319
-0.02938648823
-0.04278800377
-0.03585965727
-0.01987911145
-0.02526921506
2.129668343e-06
-0.03120860732
-0.03760780455
-0.06664794133
-0.04436472157
-0.05135552826
-0.0001239510321
-0.0584429101
-0.09227648496
-0.0005453181615
-0.06546641912
-0.07224917197
-0.0785867739
-0.00141073537
-0.08425359865
-0.002822521309
-0.08898996201
-0.09250862934
-0.09448054236
-0.004864599016
-0.09454129746
-0.007580626151
-0.08722676527
-0.07887514045
-0.01099663568
-0.01510415334
-0.04990838825
-0.02794972405
-4.156727018e-33
4.612895654e-36
-1.924712706e-33
-0.02576113564
5.816659243e-38
-3.176494436e-05
-0.06137061505
-0.0459810436
-0.08017279253
-0.07257054398
-0.0008212325426
-0.0002520240077
-0.003490938097
-0.001869631082
-0.08664888722
-0.08470488891
-0.005748294537
-0.008674804984
-0.08444307201
-0.08643258511
-0.0122759641
-0.01653224207
-0.08102310402
-0.07648017732
-0.02681946156
-0.02140104095
-0.06508484694
-0.0710865202
-0.05869050668
-0.05209481954
-0.04546798383
-0.03896055
-0.03270573365
-6.510106781e-05
-0.02808726588
-0.02369739436
-0.03385523077
-0.03989294451
-0.0460749446
-0.0003801911029
-0.06659502709
-0.05225606173
-0.001089183484
-0.05827627513
-0.06395291511
-0.06908430983
-0.07877480342
-0.002313366618
-0.07344056932
-0.004125583578
-0.07676719618
-0.07914296604
-0.006577864416
-0.07750999033
-0.009682392364
-0.0734760355
-0.05637470065
-0.01343276108
-0.04227413565
-0.01779051948
-0.02270164249
-3.52621228e-33
3.890961964e-36
-0.02175035159
-1.626951128e-33
-2.793421176e-37
-9.84445424e-05
-0.05164536482
-0.03876664866
-0.06092857587
-0.06712121401
-0.001348239854
-0.0005029250046
-0.002733349983
-0.004720962525
-0.07067640505
-0.07201118961
-0.007340235619
-0.01059208022
-0.06947237557
-0.07149710727
-0.01444911842
-0.01886197684
-0.06206066151
-0.06623671804
-0.02375900886
-0.02905159351
-0.05718359803
-0.05182076985
-0.04616328334
-0.04038307738
-0.03463332946
-0.03502328161
-0.04041410992
-0.01991389178
-0.0006233963869
-0.04572042398
-0.04717191108
-0.05077889296
-0.001593502963
-0.05540959972
-0.05941019035
-0.003128593338
-0.06255658565
-0.06459601258
-0.005268068433
-0.06524823248
-0.0641986199
-0.008028833407
-0.06109950414
-0.05556529218
-0.01139023111
-0.03545690583
-0.0153128093
-0.01972917017
-0.0001303291148
-0.02455695552
-0.02969348123
3.00154643e-36
-2.967423674e-33
-0.01818152427
-1.362963949e-33
-0.000161793945
-6.130484824e-37
-0.0429418135
-0.03232716417
-0.05539760852
-0.0504875559
-0.0007356452102
-0.001824389177
-0.005761734811
-0.003490415354
-0.05806243113
-0.05884311115
-0.008631133059
-0.0120664164
-0.05806157108
-0.0560120185
-0.01600772469
-0.02037745444
-0.04912631791
-0.05295480888
-0.02507753061
-0.02999697424
-0.03997326507
-0.04473571949
-0.03500855085
-0.03458075673
-0.03905474053
-0.0008431427831
-0.04321022807
-0.002035645146
-0.03894535633
-0.04686946374
-0.04983598609
-0.05189074734
-0.003817935713
-0.05279038935
-0.006193116952
-0.05226294277
-0.05000720071
-0.04569004117
-0.00914102253
-0.01260827634
-0.02937567875
-0.01654768392
-0.01652338882
-0.02079271703
-0.0001908831991
-0.02530888702
-0.02994968366
-2.471751556e-33
1.965422126e-36
-0.01500719112
-1.128785716e-33
-0.0002190988313
-9.295862012e-37
-0.03517213708
-0.02658752371
-0.04115759987
-0.04491721081
-0.0009396838169
-0.002227039793
-0.006557571708
-0.004102716849
-0.0470810441
-0.04678769763
-0.01300686458
-0.009547148384
-0.04402228599
-0.04607456372
-0.01684660653
-0.02096395455
-0.04114837323
-0.03765799035
-0.02954291292
-0.02523885106
-0.03373325366
-0.001028895421
-0.0357914986
-0.01355511296
-0.002393134361
-0.03856840941
-0.04061124287
-0.04171039499
-0.00434397674
-0.04163316233
-0.006846837744
-0.04012052334
-0.0368859929
-0.03161377926
-0.00984420639
-0.02396115541
-0.01325198167
-0.01696964328
-0.0002440242407
-0.02088197725
-0.02486183101
-0.02877331618
-0.03246894333
-2.031970777e-33
8.101159922e-37
-0.0121873362
-9.210976049e-34
-1.213771532e-36
-0.0002676024839
-0.02826194076
-0.02148420926
-0.03286266138
-0.03560855168
-0.002534061587
-0.001104563994
-0.007057054229
-0.004533940473
-0.03678903592
-0.03667185193
-0.01002279318
-0.01333694043
-0.03549330458
-0.03347035243
-0.01688359641
-0.02054103176
-0.03079408759
-0.02417362515
-0.02764206995
-0.002644423473
-0.03196203429
-0.03225375613
-0.00467193777
-0.03137596166
-0.02908495745
-0.007181087343
-0.02510996324
-0.01915563376
-0.01007888781
-0.01089971393
-0.01325482976
-0.0002870054383
-0.0307207877
-0.02872623994
-0.01658478209
-0.0199388448
-0.02317731967
-0.02615779966
-0.001170301722
-1.642040173e-33
-4.282824408e-37
-0.009689020955
-7.371548816e-34
-1.448591974e-36
-0.0003045792821
-0.01696549468
-0.02215158651
-0.02741688751
-0.02554301897
-0.002724729641
-0.001220179177
-0.007216193533
-0.004751372826
-0.02757710465
-0.0280193891
-0.01000600695
-0.01300223615
-0.02628791604
-0.02433469557
-0.01907697657
-0.01607030809
-0.02187933204
-0.02372814984
-0.02223627312
-0.004771731053
-0.01938224676
-0.00715707344
-0.0149135584
-0.008552109887
-0.009802089742
-0.01257701672
-0.000317159336
-0.02408676489
-0.01534234683
-0.01796262391
-0.02029454965
-0.02219681133
-0.001257591345
-0.02351512714
-0.002769916851
-1.297018069e-33
-1.703460377e-36
-0.007486507062
-5.74764829e-34
-1.615272235e-36
-0.0003274350282
-0.01679783741
-0.01299225435
-0.01915757667
-0.02030676634
-0.001277248914
-0.002780883783
-0.007002551607
-0.004728235596
-0.0204502342
-0.01977512231
-0.00946481438
-0.01198043314
-0.01844324559
-0.01660741575
-0.01440622874
-0.004620632928
-0.01120253723
-0.006750124624
-0.00649033153
-0.008995128674
-0.0003320117599
-0.01121716086
-0.01630884768
-0.01327262453
-0.015031392
-0.01635619837
-0.001282089496
-0.01711312766
-0.002753286393
-0.01715176031
-0.0143962118
-9.930622966e-34
-2.95709564e-36
-0.005561746377
-4.323023923e-34
-1.69327087e-36
-0.0003338339187
-0.009539129783
-0.01217549314
-0.01426300374
-0.01368547186
-0.001267898842
-0.002688429332
-0.006400863004
-0.004446789485
-0.01407153257
-0.01326007412
-0.008396561939
-0.01195807762
-0.01029524507
-0.005956481399
-0.000329424699
-0.004700447621
-0.007674870073
-0.009229209102
-0.01013610814
-0.01048581397
-0.01133089558
-0.001236873098
-0.01164118183
-0.01129207115
-0.00258321715
-0.008004589759
-0.004206974635
-7.274973304e-34
-4.115980613e-36
-3.087553567e-34
-0.003905119645
-1.659998454e-36
-0.0003218601713
-0.008278392812
-0.006595757195
-0.009288633462
-0.009125918693
-0.002439416774
-0.001186424128
-0.003902849421
-0.005421477074
-0.008887824481
-0.008037306936
-0.006841928209
-0.0003077833112
-0.005911636239
-0.006748629641
-0.007206165714
-0.007194100676
-0.001117675773
-0.006605082642
-0.00225598467
-0.005317207844
-0.003177369563
-0.003535874693
-0.004804106632
-4.989338683e-34
-5.088101719e-36
-0.002516255566
-2.037907019e-34
-1.490303899e-36
-0.0002902230439
-0.004167413237
-0.005118464489
-0.005397412242
-0.005494303202
-0.001030419471
-0.002035361218
-0.003113297635
-0.004908212482
-0.004114624297
-0.003859998424
-0.004034674004
-0.00192553375
-0.003822403126
-0.0009243732125
-0.003153289935
-0.001779928971
-0.002639507042
-0.0002662556339
-0.003371971483
-3.074385564e-34
-5.74456245e-36
-0.001404414721
-1.178240587e-34
-1.153435498e-36
-0.0002386418419
-0.002720093306
-0.002273821953
-0.002597044364
-0.00281017053
-0.0008028499604
-0.001493482742
-0.00213047014
-0.001537900708
-0.000663938598
-0.0009588354164
-0.001184602637
-0.000205369847
-0.001597944379
-0.001827021306
-0.001813087113
-1.546596768e-34
-5.912020501e-36
-0.0005875765599
-5.205065707e-35
-6.20980921e-37
-0.0001685826318
-0.001103445635
-0.0009421368623
-0.001072424486
-0.0005165258848
-0.0008607182445
-0.0003577480486
-0.0005423711068
-0.0001281152762
-0.0005835598899
-0.0004958691656
-0.0002975178967
-4.395431204e-35
-5.304917466e-36
-8.264490816e-36
-8.651448863e-05
1.35492662e-37
-8.494087407e-05
-0.0001878647042
-0.0002471380011
-0.0002059875197
-4.346297566e-05
-1.978260476e-05
4.201586843e-05
-6.157936309e-05
-3.22299299e-36
2.007414444e-35
9.502544797e-05
1.18642726e-35
1.071187236e-36
4.0154631e-05
-4.45930662e-06
1.962424806e-05
8.373855684e-05
3.1379421e-37
3.4508046e-35
9.826653212e-36
2.917688381e-05
1.278078707e-36
4.497451519e-67
4.761180129e-36
4.761180129e-36
