5518
5515
5519
5517
5520
5516
5503
5504
5490
5491
5492
5506
5503
5515
5504
5507
5506
5508
5463
5473
5490
5472
5466
5468
5510
5515
5503
5508
5505
5509
5490
5504
5487
5488
5489
5491
5463
5490
5462
5470
5469
5466
5437
5463
5462
5469
5438
5439
5442
5437
5462
5438
5441
5432
5400
5433
5437
5435
5401
5402
5433
5446
5463
5444
5436
5434
5510
5519
5515
5517
5509
5514
5495
5510
5503
5505
5493
5494
5490
5495
5503
5493
5492
5486
5478
5501
5495
5496
5479
5477
5501
5513
5510
5511
5498
5499
5495
5501
5510
5498
5494
5496
5478
5482
5501
5481
5477
5476
5471
5490
5487
5489
5464
5465
1190
1300
1395
1301
1188
1189
1395
1300
1498
1302
1308
1301
1498
1300
1306
1303
1307
1302
1309
1511
1500
1314
1310
1311
1884
2057
2047
1896
1885
1886
1873
1869
2047
1871
1874
1872
2051
1873
2047
1874
2044
1875
1774
1591
1695
1592
1696
1593
1511
1317
1522
1318
1512
1319
1692
1710
1869
1704
1693
1694
1878
1888
1709
1711
1712
1879
1878
2053
1888
1889
1879
1880
1519
1500
1511
1314
1513
1501
1873
1695
1869
1697
1872
1698
1498
1500
1692
1502
1503
1504
1317
1511
1309
1311
1312
1319
1522
1709
1708
1713
1523
1524
1316
1516
1522
1517
1320
1321
1888
2053
2057
2058
1890
1889
1701
1878
1709
1712
1700
1702
1877
1893
2053
1891
1881
1882
1701
1877
1878
1883
1702
1703
1701
1732
1877
1715
1703
1699
1873
1949
1774
1775
1776
1777
2221
2232
2069
2070
2071
2223
1955
1949
1873
1777
1876
1951
1708
1709
1888
1711
1714
1713
1710
1519
1708
1520
1705
1521
1884
1710
1888
1706
1887
1707
1884
1869
1710
1704
1707
1870
1511
1522
1708
1523
1510
1512
1316
1522
1317
1318
1315
1320
1516
1709
1522
1524
1517
1514
1338
1516
1316
1321
1313
1332
1701
1709
1516
1514
1515
1700
1338
1544
1516
1509
1332
1333
2051
2216
2126
2127
2049
2050
1955
2051
2126
2049
1952
1953
2125
1955
2126
1952
2123
1954
1873
2051
1955
1953
1876
1875
2047
2069
2213
2052
2045
2046
1695
1873
1774
1776
1696
1698
1395
1507
1591
1505
1393
1394
1692
1869
1695
1697
1691
1693
1710
1708
1888
1714
1706
1705
1500
1519
1692
1518
1502
1501
1511
1708
1519
1520
1513
1510
1884
2047
1869
1871
1870
1885
2062
1893
1912
1892
1909
1894
2231
2226
2082
2067
2083
2224
2061
1893
2062
1894
2063
1895
1877
2053
1878
1880
1883
1881
1544
1542
1732
1538
1539
1540
1516
1544
1701
1541
1515
1509
1338
1337
1544
1334
1333
1335
2061
2226
2221
2225
2064
2065
1912
2082
2062
2066
1909
1910
2081
2246
2082
2084
2085
2086
2232
2381
2387
2379
2233
2234
2053
2221
2057
2059
2058
2054
2047
2057
2069
2055
2046
1896
2226
2062
2082
2066
2067
2060
2053
2061
2221
2064
2054
2056
2053
1893
2061
1895
2056
1891
3434
3308
3432
3304
3433
3305
2381
2528
2387
2389
2379
2380
2258
2101
2098
2095
2096
2100
2255
2258
2098
2096
2097
2254
2555
2407
2424
2408
2422
2409
2113
2120
1937
1935
1936
2112
2407
2417
2258
2260
2261
2410
2569
2430
2571
2431
2570
2432
2844
2975
2851
2849
2842
2843
2427
2430
2569
2432
2428
2429
2607
2603
2749
2600
2604
2601
3445
3444
3564
3439
3440
3441
3315
3445
3432
3435
3316
3317
3315
3321
3445
3318
3317
3319
2571
2430
2434
2433
2436
2431
2580
2571
2434
2436
2437
2572
2720
2569
2571
2570
2573
2574
2990
2986
2866
2864
2865
2985
2851
2975
2976
2974
2850
2849
2553
2699
2706
2700
2551
2552
2695
2569
2720
2574
2576
2575
2109
1945
2121
1939
2108
1940
2238
2090
2248
2087
2239
2088
2238
2075
2090
2072
2088
2073
2427
2278
2430
2281
2429
2282
2528
2381
2384
2382
2385
2380
2417
2259
2258
2262
2260
2263
2075
2079
1904
1901
1902
2074
1904
1908
1721
1722
1723
1903
1955
2125
1949
1950
1951
1954
1507
1695
1591
1592
1505
1506
1498
1507
1395
1394
1308
1499
1498
1692
1507
1508
1499
1503
1500
1498
1306
1307
1305
1504
1309
1500
1306
1305
1304
1310
1692
1519
1710
1521
1694
1518
1692
1695
1507
1506
1508
1691
2216
2287
2126
2129
2127
2130
1544
1337
1542
1336
1540
1334
2125
2126
2284
2128
2124
2123
1542
1337
1331
1328
1329
1336
1129
1339
1331
1330
1130
1131
1732
1701
1544
1541
1539
1699
1732
1912
1893
1892
1727
1728
2368
2232
2387
2233
2367
2235
2069
2232
2219
2209
2068
2070
2213
2069
2219
2068
2211
2052
2369
2213
2219
2211
2220
2212
2051
2047
2213
2045
2048
2044
2057
2221
2069
2071
2055
2059
2221
2381
2232
2234
2223
2227
2370
2519
2447
2378
2371
2372
2291
2370
2447
2371
2293
2294
2369
2519
2370
2372
2373
2374
2213
2369
2216
2217
2210
2212
2368
2515
2519
2517
2375
2376
2219
2368
2369
2377
2220
2218
2219
2232
2368
2235
2218
2209
2051
2213
2216
2210
2050
2048
2368
2387
2515
2390
2376
2367
2231
2246
2384
2240
2228
2229
2226
2231
2381
2230
2222
2224
2221
2226
2381
2222
2227
2225
2061
2062
2226
2060
2065
2063
2082
2246
2231
2229
2083
2084
2675
2818
2679
2676
2672
2673
2523
2675
2679
2672
2525
2526
2946
2835
2961
2834
2947
2833
3070
2946
2961
2947
2960
2948
2818
2814
2946
2815
2819
2816
2814
2835
2946
2833
2815
2817
2670
2814
2675
2674
2668
2669
2670
2691
2814
2688
2669
2671
2670
2535
2691
2537
2671
2538
2523
2519
2675
2520
2526
2521
3434
3432
3563
3436
3437
3433
2675
2814
2818
2816
2673
2674
2682
2528
2531
2529
2534
2530
2519
2515
2670
2518
2522
2517
2384
2381
2231
2230
2228
2382
2587
2728
2582
2583
2581
2584
2440
2445
2582
2441
2438
2439
2591
2732
2587
2585
2586
2588
2587
2732
2728
2727
2584
2585
2445
2447
2591
2446
2442
2443
2447
2592
2591
2589
2446
2448
2515
2535
2670
2538
2518
2516
2369
2368
2519
2375
2374
2377
2387
2535
2515
2516
2390
2388
2592
2737
2591
2590
2589
2593
2679
2592
2523
2524
2525
2594
2679
2741
2592
2595
2594
2677
2737
2871
2732
2730
2731
2734
2737
2877
2871
2872
2734
2735
2591
2737
2732
2731
2588
2590
2741
2877
2737
2735
2736
2739
2818
2824
2679
2678
2676
2820
3081
3070
3184
3071
3074
3072
2824
2951
2954
2952
2822
2823
2824
2818
2951
2821
2823
2820
3298
3186
3306
3188
3295
3189
3424
3298
3306
3295
3307
3296
3347
3343
3298
3232
3297
3345
3228
3224
3121
3119
3120
3225
2871
2868
2732
2733
2730
2870
2287
2284
2126
2128
2129
2285
2291
2287
2216
2130
2214
2288
2369
2370
2216
2215
2217
2373
2445
2591
2587
2586
2444
2442
2440
2284
2287
2285
2289
2286
1726
1535
1721
1534
1724
1536
1908
1726
1721
1724
1722
1729
2121
1947
1946
1941
1942
1943
2081
1912
1908
1905
1906
1911
1725
1546
1530
1531
1532
1545
1912
1725
1726
1730
1731
1733
1912
1732
1725
1734
1733
1728
2082
1912
2081
1911
2085
1910
1530
1339
1324
1323
1325
1340
1726
1725
1535
1537
1536
1730
1546
1339
1530
1340
1531
1341
1535
1725
1530
1532
1533
1537
1732
1542
1546
1543
1547
1538
1331
1339
1542
1342
1329
1330
1129
1324
1339
1323
1131
1132
2057
1884
1888
1887
1890
1886
2370
2291
2216
2214
2215
2294
2592
2447
2523
2449
2524
2448
2445
2287
2291
2288
2292
2290
2523
2447
2519
2378
2521
2449
1177
1173
991
992
993
1174
2670
2675
2519
2520
2522
2668
3005
3121
3116
3115
3003
3004
2824
2954
2879
2882
2825
2822
2679
2824
2741
2740
2677
2678
2818
2946
2951
2949
2821
2819
3081
3184
3190
3182
3075
3074
2741
2737
2592
2593
2595
2736
1173
1125
991
989
992
1126
1382
1173
1177
1174
1180
1175
1178
1378
1386
1379
1181
1182
1526
1324
1382
1322
1383
1326
1324
1125
1173
1126
1176
1127
1535
1324
1526
1326
1527
1327
1129
1125
1324
1127
1132
1128
2445
2291
2447
2293
2443
2292
2582
2445
2587
2444
2581
2441
2440
2287
2445
2290
2439
2289
2997
2992
2871
2873
2874
2993
2868
2728
2732
2727
2733
2729
998
1178
1177
1183
999
1000
1184
1165
1377
1167
1187
1168
985
1002
1170
1004
987
988
1165
981
1161
983
1162
984
1546
1542
1339
1342
1341
1543
1546
1725
1732
1734
1547
1545
1324
1535
1530
1533
1325
1327
1726
1908
1912
1905
1731
1729
1526
1721
1535
1534
1527
1528
1581
1382
1386
1384
1388
1385
1580
1581
1386
1388
1387
1583
1772
1900
1720
1717
1716
1767
1893
1877
1732
1715
1727
1882
998
995
1178
996
1000
997
1347
1552
1361
1358
1343
1344
1402
1604
1559
1553
1401
1407
1552
1561
1361
1359
1358
1549
1743
1552
1556
1548
1554
1550
1743
1744
1552
1551
1550
1737
1559
1745
1556
1555
1557
1558
1920
1917
1744
1738
1739
1914
1745
1920
1743
1740
1741
1742
1556
1745
1743
1741
1554
1555
1785
1606
1792
1608
1783
1609
1745
1785
1920
1784
1742
1736
1604
1606
1785
1609
1601
1602
1559
1604
1745
1603
1558
1553
1402
1606
1604
1602
1407
1408
1917
2094
1921
1922
1915
1916
2145
1966
1964
1967
1968
1969
1791
1965
1963
1970
1789
1790
2137
2305
2145
2138
2139
2140
1963
1965
2145
1962
1971
1970
1964
1963
2145
1971
1968
1972
1792
1781
1963
1778
1794
1779
2305
2420
2267
2268
2264
2300
2145
2305
2267
2264
2141
2138
2136
2299
2305
2301
2142
2143
2132
1982
2152
1983
2131
1984
2137
1959
2136
1960
2144
1961
2137
1965
1959
1958
1961
1973
1959
1814
1982
1810
1956
1800
2145
1965
2137
1973
2139
1962
1791
1814
1965
1786
1790
1787
1781
1791
1963
1789
1778
1780
1621
1814
1791
1787
1619
1620
1813
1817
1990
1816
1811
1812
1621
1813
1814
1809
1620
1627
1621
1817
1813
1812
1627
1628
3550
3420
3453
3421
3450
3422
3020
3101
2984
2982
2983
3011
3242
3324
3215
3213
3214
3216
3353
3329
3242
3238
3239
3322
3454
3453
3329
3327
3328
3451
3311
3444
3321
3320
3312
3313
3564
3444
3550
3442
3551
3439
2946
3070
2951
2953
2949
2948
2827
2959
2835
2836
2830
2831
2959
3088
2961
2962
2963
2964
3088
3201
3184
3183
3086
3087
2959
2972
3088
2971
2964
2965
2705
2841
2826
2832
2692
2707
2686
2705
2826
2692
2687
2680
2405
2269
2427
2271
2391
2272
2427
2269
2275
2273
2274
2271
2543
2699
2553
2552
2540
2541
2405
2248
2269
2247
2272
2249
2553
2706
2554
2548
2549
2551
2427
2543
2405
2399
2391
2426
2721
2720
2866
2716
2717
2718
2844
2721
2859
2719
2837
2715
2975
2844
2966
2845
2967
2843
2699
2543
2695
2542
2693
2541
2844
2699
2695
2693
2694
2697
2851
2706
2699
2700
2698
2701
2695
2543
2569
2539
2575
2542
2844
2695
2721
2696
2715
2694
2844
2851
2699
2698
2697
2842
2406
2546
2397
2395
2396
2400
2405
2406
2248
2250
2249
2401
2554
2546
2406
2400
2402
2544
2553
2554
2405
2403
2404
2549
2706
2705
2554
2550
2548
2702
3311
3291
3420
3292
3314
3293
3444
3311
3420
3314
3423
3313
3205
3200
3311
3197
3207
3198
3311
3200
3291
3199
3293
3197
3206
3205
3321
3208
3209
3210
3206
3096
3099
3094
3098
3095
3102
3101
3215
3103
3104
3105
2866
2986
2859
2860
2857
2864
3102
2986
2990
2985
2991
2987
3082
2966
2986
2958
2988
2968
3200
3082
3178
3083
3179
3084
3291
3200
3178
3179
3180
3199
3099
3096
2976
2977
2978
3094
3090
3099
2975
2979
2980
3091
3205
3206
3099
3098
3100
3210
3090
2975
2966
2967
2969
2980
3200
3090
3082
3085
3084
3092
3200
3205
3090
3093
3092
3198
2841
2852
2972
2846
2838
2839
3082
3102
3178
3107
3083
3068
2543
2553
2405
2404
2399
2540
2569
2543
2427
2426
2428
2539
2695
2720
2721
2718
2696
2576
2852
2706
2851
2701
2847
2703
2972
2852
2976
2848
2973
2846
2841
2705
2852
2704
2839
2707
2705
2546
2554
2544
2550
2545
2986
3102
3082
3068
2988
2987
3101
3020
3129
3016
3106
3011
2990
3101
3102
3105
2991
2989
2990
2984
3101
2982
2989
2981
2852
2705
2706
2702
2703
2704
2984
2898
3020
2892
2983
2891
2867
2984
2990
2981
2862
2863
2867
2856
2984
2853
2863
2854
3315
3432
3300
3301
3302
3316
3206
3315
3201
3202
3203
3211
3096
3206
3201
3203
3097
3095
2976
3096
2972
2970
2973
2977
3090
2966
3082
2968
3085
2969
3205
3099
3090
3091
3093
3100
2976
2852
2851
2847
2850
2848
3321
3315
3206
3211
3209
3319
3311
3321
3205
3208
3207
3312
3444
3445
3321
3318
3320
3441
3550
3444
3420
3423
3422
3442
3564
3563
3445
3443
3440
3556
3300
3190
3184
3182
3185
3191
3315
3300
3201
3204
3202
3302
3432
3308
3300
3303
3301
3304
3453
3454
3575
3457
3452
3451
3550
3453
3575
3452
3552
3450
3420
3291
3324
3294
3325
3292
2258
2255
2407
2252
2261
2254
1925
2098
2101
2095
1926
1927
2255
2267
2407
2265
2252
2253
1921
2094
2098
2091
1923
1922
2094
2103
2255
2104
2092
2093
3136
3129
3020
3016
3017
3127
2898
3022
3020
3021
2892
2893
3135
3244
3136
3132
3134
3137
3244
3240
3136
3133
3132
3241
3234
3244
3135
3137
3138
3235
3234
3352
3244
3246
3235
3236
3371
3352
3257
3259
3258
3354
3353
3240
3244
3241
3245
3243
3353
3446
3329
3330
3322
3355
3012
2897
2887
2888
2889
2894
3022
3136
3020
3017
3021
3018
3012
3022
2897
2895
2894
3013
3135
3136
3022
3018
3019
3134
3242
3129
3240
3130
3237
3131
3353
3242
3240
3237
3243
3239
3291
3178
3215
3177
3212
3180
3215
3178
3102
3107
3104
3177
3242
3215
3129
3128
3131
3214
3242
3329
3324
3326
3216
3238
3129
3215
3101
3103
3106
3128
2752
2749
2887
2747
2748
2750
2897
2755
2887
2753
2888
2756
2759
2712
2752
2608
2609
2709
2856
2759
2898
2757
2855
2758
2562
2424
2420
2418
2419
2423
2856
2708
2712
2710
2711
2713
2555
2417
2407
2410
2409
2412
2712
2708
2564
2563
2565
2710
2580
2708
2723
2714
2577
2578
2720
2580
2723
2577
2722
2579
2434
2557
2580
2558
2437
2435
2411
2434
2430
2433
2283
2413
2411
2417
2557
2414
2415
2416
2564
2708
2555
2559
2560
2563
2856
2867
2723
2725
2726
2854
2420
2458
2562
2456
2419
2421
2742
2661
2802
2660
2743
2659
2603
2742
2749
2744
2600
2602
2596
2661
2742
2659
2597
2598
2299
2136
2132
2133
2134
2143
2458
2299
2451
2303
2452
2302
2458
2305
2299
2301
2302
2304
2267
2420
2424
2418
2266
2268
2407
2267
2424
2266
2408
2265
2103
2145
2267
2141
2105
2106
2255
2103
2267
2105
2253
2104
1966
2145
2103
2106
1974
1969
2451
2509
2596
2508
2454
2450
2458
2451
2603
2453
2457
2452
2607
2752
2712
2608
2606
2605
2564
2562
2712
2566
2565
2567
2458
2603
2607
2601
2455
2457
2712
2759
2856
2758
2711
2709
2562
2607
2712
2606
2566
2568
2424
2562
2564
2567
2425
2423
2458
2607
2562
2568
2456
2455
2607
2749
2752
2750
2605
2604
2596
2742
2603
2602
2599
2597
2752
2755
2759
2754
2609
2751
2742
2886
2749
2746
2744
2745
2742
2802
2886
2800
2745
2743
2933
2936
3052
2934
2930
2931
2806
2933
2802
2801
2804
2805
2806
2936
2933
2931
2805
2809
2897
3022
2898
2893
2896
2895
2755
2897
2898
2896
2760
2756
2759
2755
2898
2760
2757
2754
2752
2887
2755
2753
2751
2748
3012
3135
3022
3019
3013
3014
2886
2929
3010
2899
2884
2885
2749
2886
2887
2883
2747
2746
2802
2929
2886
2885
2800
2803
3234
3257
3352
3259
3236
3233
3353
3244
3352
3246
3356
3245
3135
3126
3234
3123
3138
3124
2411
2430
2277
2279
2280
2283
2420
2305
2458
2304
2421
2300
2299
2296
2451
2297
2303
2298
2509
2514
2661
2512
2507
2510
2564
2555
2424
2422
2425
2560
2708
2580
2557
2558
2561
2578
2277
2113
2259
2114
2256
2115
2959
2841
2972
2838
2965
2840
2835
2959
2961
2963
2834
2836
2826
2841
2959
2840
2828
2832
2827
2826
2959
2828
2831
2829
2691
2827
2835
2830
2689
2690
2691
2682
2827
2683
2690
2684
2406
2397
2248
2251
2250
2396
2686
2546
2705
2545
2680
2547
2686
2531
2546
2532
2547
2533
2531
2528
2384
2385
2386
2529
1925
1921
2098
1923
1927
1924
1931
1925
2101
1926
1932
1928
1931
1754
1925
1755
1928
1756
1377
1575
1579
1572
1376
1375
1372
1369
1568
1367
1371
1368
2603
2451
2596
2454
2599
2453
4035
4003
3896
3894
3895
3997
4292
4144
4145
4146
4147
4148
4007
3964
4002
3867
3998
3963
3614
3487
3608
3490
3607
3491
3614
3489
3487
3492
3491
3493
3740
3614
3738
3612
3735
3613
3740
3611
3614
3615
3613
3616
4003
4002
3865
3861
3862
3999
3693
3567
3599
3568
3600
3569
3362
3363
3487
3358
3359
3360
3371
3257
3366
3256
3365
3258
3366
3257
3252
3254
3255
3256
3362
3366
3252
3255
3253
3361
3489
3371
3366
3365
3368
3369
3446
3353
3477
3350
3448
3355
3252
3147
3142
3141
3140
3144
3487
3366
3362
3361
3359
3367
3257
3147
3252
3144
3254
3145
3477
3352
3371
3354
3372
3351
3136
3240
3129
3130
3127
3133
3010
3126
3012
3015
3007
3008
3147
3257
3234
3233
3146
3145
3454
3329
3446
3330
3449
3328
2984
2856
2898
2855
2891
2853
3324
3453
3420
3421
3325
3323
3215
3324
3291
3294
3212
3213
3329
3453
3324
3323
3326
3327
3063
3060
2941
2942
2939
3057
3062
3063
2944
2945
2943
3065
3174
3162
3060
3059
3058
3165
3280
3251
3162
3164
3163
3248
2661
2514
2666
2511
2662
2512
2941
2944
3063
2945
2939
2940
2806
2941
2936
2935
2809
2808
2810
2944
2941
2940
2813
2812
2596
2509
2661
2507
2598
2508
3732
3651
3771
3646
3730
3650
3896
3864
3771
3768
3769
3863
3738
3608
3732
3609
3731
3610
3603
3482
3527
3481
3534
3483
3608
3603
3732
3604
3609
3605
3608
3482
3603
3483
3605
3484
3614
3608
3738
3610
3612
3607
3487
3482
3608
3484
3490
3485
3477
3371
3496
3370
3479
3372
3454
3446
3567
3447
3455
3449
3567
3446
3477
3448
3480
3447
3403
3408
3527
3404
3401
3410
3482
3403
3527
3401
3481
3407
2944
2810
2900
2811
2901
2812
3176
3174
3063
3061
3067
3173
3148
3167
3062
3066
3056
3150
3287
3289
3176
3175
3170
3284
3027
3010
2929
2899
2927
3009
3234
3126
3147
3125
3146
3123
3135
3012
3126
3015
3124
3014
2810
2941
2806
2808
2807
2813
3126
3010
3027
3009
3024
3008
2887
3010
3012
3007
2889
2890
3162
3052
3060
3053
3059
3055
3252
3142
3251
3143
3247
3140
3142
3052
3162
3055
3139
3054
3126
3027
3147
3026
3125
3024
2929
3052
3027
3023
2927
2932
2887
2886
3010
2884
2890
2883
2802
2933
2929
2928
2803
2801
3060
3052
2936
2934
2937
3053
2941
3060
2936
2937
2935
2942
3063
3174
3060
3058
3057
3061
3251
3363
3362
3360
3249
3250
3174
3280
3162
3163
3165
3172
3289
3287
3408
3286
3288
3284
3174
3289
3280
3279
3172
3171
3174
3176
3289
3175
3171
3173
3062
3176
3063
3067
3065
3064
3251
3362
3252
3253
3247
3249
3142
3162
3251
3164
3143
3139
3027
3142
3147
3141
3026
3025
3027
3052
3142
3054
3025
3023
3280
3363
3251
3250
3248
3282
3489
3366
3487
3367
3492
3368
3167
3148
3260
3151
3161
3150
3287
3167
3268
3166
3269
3168
3287
3176
3167
3169
3168
3170
3363
3280
3403
3281
3357
3282
2944
2900
3029
2902
2938
2901
3527
3651
3603
3606
3534
3531
1581
1580
1772
1585
1586
1583
1925
1751
1921
1752
1924
1753
1761
1754
1931
1756
1759
1757
1937
1761
1931
1759
1933
1760
2113
1937
1931
1933
1934
1936
2120
1946
1937
1938
1935
1948
1579
1575
1761
1573
1578
1572
1575
1568
1754
1569
1574
1570
1746
1921
1751
1752
1747
1748
1744
1917
1746
1749
1735
1738
1561
1744
1746
1735
1562
1563
1743
1920
1744
1739
1737
1740
1920
1966
2094
1929
1918
1919
2094
1966
2103
1974
2093
1929
2098
2094
2255
2092
2097
2091
1917
1920
2094
1918
1916
1914
2305
2137
2136
2144
2142
2140
0
9
3
5
2
1
28
9
29
10
34
11
29
9
14
7
12
10
30
29
14
12
13
35
21
30
14
13
8
22
53
66
30
36
37
54
66
28
29
34
31
32
28
16
3
6
4
15
9
28
3
4
5
11
66
42
28
33
32
38
42
77
45
44
40
41
28
42
16
17
15
33
66
110
70
73
67
68
21
48
30
23
22
20
21
26
48
24
20
19
104
83
57
58
59
85
176
104
103
105
100
99
176
207
131
132
130
169
42
45
16
18
17
40
265
176
266
175
269
174
210
137
131
133
134
135
214
210
334
212
216
209
142
137
210
135
145
136
137
83
104
85
81
82
336
214
334
216
333
213
88
53
48
47
46
52
194
318
187
188
189
192
140
214
143
141
146
147
319
318
194
192
193
320
445
327
452
321
442
322
113
77
70
71
72
75
318
195
187
190
188
196
129
77
113
75
112
76
48
26
57
25
49
24
88
48
57
49
50
46
53
30
48
23
47
37
29
30
66
36
31
35
104
60
64
56
63
62
88
83
137
82
89
84
214
140
142
138
139
147
92
53
88
52
86
51
57
60
104
62
59
61
88
57
83
58
84
50
26
60
57
61
25
27
74
45
77
44
78
43
129
74
77
78
76
79
64
103
104
105
63
65
66
53
92
51
69
54
129
119
74
80
79
116
579
573
452
447
448
574
586
723
716
713
584
585
579
586
716
584
575
576
461
446
336
332
335
449
590
461
464
455
456
458
579
446
461
449
454
450
579
461
586
459
576
454
580
604
717
603
581
582
875
1041
871
868
869
873
131
104
176
99
130
102
210
131
207
132
205
134
137
104
131
102
133
81
331
210
207
205
206
211
142
88
137
89
136
87
95
103
64
65
55
98
171
225
266
222
172
173
327
318
452
323
321
324
202
327
314
313
198
199
202
197
327
200
199
201
119
197
123
122
117
118
129
195
197
203
127
128
119
129
197
127
118
116
110
66
92
69
91
68
143
110
92
91
93
107
187
113
110
108
109
114
227
225
153
154
155
228
259
252
164
168
163
253
392
383
265
268
264
386
266
350
389
352
263
262
1237
1437
1430
1431
1234
1238
1227
1057
1237
1056
1229
1059
1233
1436
1236
1235
1231
1230
266
225
350
229
262
222
171
95
153
96
152
97
176
171
266
172
175
170
103
95
171
97
101
98
227
226
353
230
231
232
225
171
153
152
154
173
319
452
318
323
320
325
187
143
194
144
189
111
464
334
457
337
460
338
733
717
604
603
605
718
1041
1042
1227
1046
1043
1045
1050
1041
1227
1043
1049
1044
876
871
1041
868
877
870
717
590
580
583
581
587
885
881
723
719
720
882
893
885
733
731
734
880
893
1051
885
884
880
898
875
710
716
708
714
709
1041
875
1042
874
1045
873
723
586
590
588
589
585
881
716
723
713
719
715
464
461
336
335
339
455
710
573
716
577
708
578
573
571
445
443
444
569
716
573
579
574
575
577
710
571
573
569
578
570
210
331
334
328
212
211
916
757
752
755
754
758
637
761
752
759
634
636
1089
1267
1260
1258
1088
1087
446
452
319
325
326
451
336
446
319
326
317
332
214
336
319
317
215
213
194
214
319
215
193
191
142
210
214
209
139
145
383
331
265
261
268
329
590
457
580
462
583
463
334
331
457
330
337
328
871
876
730
725
712
870
596
704
730
705
601
598
710
875
871
869
711
709
1057
1227
1042
1046
1040
1059
1631
1430
1437
1431
1439
1432
1243
1228
1430
1223
1244
1224
596
730
597
599
600
601
471
596
597
600
472
473
565
571
704
572
566
567
452
573
445
444
442
447
710
871
704
706
707
711
1050
876
1041
877
1044
878
1050
889
876
879
878
892
1228
1050
1227
1049
1225
1047
1430
1228
1227
1225
1226
1223
1243
1067
1228
1063
1224
1066
1023
1024
853
856
857
1020
851
889
1023
890
848
849
695
724
853
691
692
693
730
889
724
726
728
729
1067
1203
1023
1021
1022
1064
1228
1067
1050
1048
1047
1063
1248
1446
1409
1412
1247
1245
1067
1248
1203
1204
1064
1065
1243
1443
1248
1246
1241
1242
195
318
327
324
204
196
113
195
129
128
112
115
113
187
195
190
115
114
70
110
113
108
72
73
42
70
77
71
41
39
42
66
70
67
39
38
194
143
214
141
191
144
110
143
187
111
109
107
140
88
142
87
138
90
92
140
143
146
93
94
92
88
140
90
94
86
207
176
265
174
208
169
311
342
219
217
218
309
202
311
184
182
183
186
438
342
311
309
310
344
327
445
314
315
313
322
471
597
470
467
468
472
571
565
438
439
440
567
704
871
730
712
705
706
565
704
596
598
568
566
571
710
704
707
572
570
341
342
471
346
347
345
293
289
418
291
296
292
179
148
219
151
178
149
202
184
124
125
126
183
195
327
197
200
203
204
314
311
202
186
198
312
124
184
148
150
106
125
252
226
164
157
168
223
747
745
617
618
619
746
909
747
757
748
760
749
909
1076
904
905
906
911
259
377
252
250
253
254
380
500
502
499
375
376
166
258
259
255
167
162
500
633
502
498
499
496
353
226
252
223
245
230
367
353
252
245
251
348
350
225
353
224
349
229
286
282
409
283
285
287
409
411
395
397
288
407
530
411
409
407
408
412
536
530
665
532
533
531
402
395
515
396
398
394
395
286
409
285
288
284
402
522
403
404
401
400
536
648
515
514
517
534
773
793
936
795
771
774
783
773
936
771
780
772
648
536
667
535
647
534
271
286
395
284
272
270
667
665
791
663
666
664
773
667
793
668
774
669
773
648
667
647
669
646
662
611
527
529
526
608
522
653
527
528
518
524
786
741
662
659
661
658
940
786
779
781
784
787
775
741
786
658
777
739
779
783
940
785
784
782
662
779
786
781
661
660
662
653
779
651
660
652
791
793
667
668
666
790
791
946
793
794
790
789
488
611
626
609
486
487
403
522
527
518
405
404
240
280
359
281
237
238
276
271
402
275
274
277
653
655
779
657
651
650
527
653
662
652
526
528
522
520
655
519
523
521
402
520
522
521
400
399
276
402
280
279
273
274
515
520
402
399
398
516
411
515
395
396
397
413
411
536
515
517
413
410
949
793
946
794
944
792
783
936
940
933
785
780
939
786
940
787
943
788
655
520
648
525
649
519
783
655
773
654
772
656
530
536
411
410
412
531
667
536
665
533
664
535
655
648
773
646
654
649
779
655
783
656
782
657
653
522
655
523
650
524
520
515
648
514
525
516
1117
1123
949
948
950
1115
488
359
403
357
406
358
1286
1122
1296
1119
1290
1124
367
478
353
351
348
355
481
613
478
476
477
480
367
481
478
477
355
370
367
495
481
483
370
368
377
495
367
368
369
378
632
757
747
748
628
629
380
502
377
381
379
375
909
916
1079
918
908
910
392
265
266
269
267
264
764
745
904
743
765
744
732
764
769
763
735
645
644
745
764
744
638
641
507
644
639
640
512
508
503
507
639
512
505
504
383
392
507
390
384
386
513
613
644
614
511
509
503
580
457
462
453
474
392
513
507
510
390
391
604
580
503
474
506
582
207
265
331
261
206
208
389
350
478
354
393
352
392
389
513
388
391
387
392
266
389
263
387
267
103
171
176
170
100
101
225
227
353
231
224
228
488
527
611
529
487
475
364
488
489
485
366
365
500
374
489
371
484
372
246
234
356
235
244
233
280
240
276
177
273
238
364
356
488
361
365
360
243
240
359
237
241
239
1122
1123
1296
1121
1119
1118
1293
1492
1296
1298
1294
1295
2172
2191
2331
2190
2171
2169
2482
2332
2331
2329
2328
2334
2007
1842
2022
1843
1998
1841
2179
2009
2182
2011
2180
2013
2175
2179
2335
2178
2177
2176
2188
2175
2335
2177
2184
2174
2188
2014
2175
2017
2174
2015
1641
1821
1632
1636
1637
1639
2009
1828
1833
1829
1834
1830
2007
2009
1833
1834
1832
2010
2179
2002
2009
2004
2013
2001
2002
1821
1828
1823
1831
1822
2022
1847
2027
1844
2025
1846
2191
2022
2027
2025
2028
2023
2172
2007
2022
1998
2024
2012
1641
1653
1833
1652
1642
1643
1436
1451
1632
1440
1435
1433
1071
1233
1051
1053
1052
1069
1271
1262
1097
1093
1094
1265
1252
1233
1071
1069
1068
1232
2027
2021
2189
2019
2026
2020
1848
1853
2021
1852
1850
1839
1847
1848
2027
1849
1844
1845
1656
1847
1842
1840
1660
1659
1656
1658
1847
1661
1659
1655
1468
1658
1457
1466
1465
1467
1473
1468
1457
1465
1273
1469
1473
1665
1468
1470
1469
1471
1282
1480
1279
1281
1278
1283
1848
1847
1665
1662
1664
1845
1106
930
939
932
942
931
1473
1666
1665
1663
1471
1472
1274
1279
1473
1277
1272
1275
1256
1274
1457
1276
1254
1255
1256
1102
1274
1100
1255
1098
1475
1670
1666
1667
1478
1477
1279
1475
1473
1474
1277
1280
1279
1480
1475
1476
1280
1281
1665
1847
1658
1661
1657
1662
1653
1656
1842
1660
1651
1654
2007
1833
1842
1827
1841
1832
1252
1436
1233
1230
1232
1249
1271
1460
1262
1264
1265
1270
1451
1436
1252
1249
1250
1433
1071
1086
1252
1084
1068
1070
893
1071
1051
1052
898
899
893
895
1071
896
899
894
1260
1271
1091
1095
1096
1261
1076
1260
1091
1096
1080
1081
1267
1458
1260
1259
1258
1268
1456
1451
1252
1250
1251
1452
775
786
939
788
778
777
637
626
741
610
635
621
1497
1296
1492
1298
1494
1299
1685
1497
1687
1496
1688
1495
1868
1685
1687
1688
1689
1690
1683
1859
1680
1676
1677
1684
1489
1683
1680
1677
1487
1491
1866
1859
1683
1684
1682
1861
1489
1296
1497
1299
1488
1297
1848
1665
1666
1663
1668
1664
1286
1296
1484
1292
1288
1290
1285
1286
1484
1288
1287
1291
939
1112
1106
1107
942
937
775
939
930
932
776
778
940
1112
939
937
943
941
940
1108
1112
1109
941
938
949
936
793
795
792
934
1117
949
946
944
945
950
1108
936
949
934
951
935
1286
1108
1122
1111
1124
1110
940
936
1108
935
938
933
1680
1678
1484
1485
1483
1679
1685
1683
1489
1491
1490
1681
1859
1857
1678
1674
1675
1858
1285
1112
1286
1114
1291
1113
1480
1285
1484
1287
1482
1289
1489
1680
1484
1483
1486
1487
1468
1665
1658
1657
1467
1470
1475
1666
1473
1472
1474
1478
1678
1670
1480
1481
1479
1672
1484
1678
1480
1479
1482
1485
1680
1859
1678
1675
1679
1676
1857
1853
1670
1673
1671
1854
1853
1848
1666
1668
1669
1839
1106
1112
1285
1113
1105
1107
395
402
271
275
272
394
1123
1117
1293
1116
1120
1115
1296
1123
1293
1120
1294
1121
1122
1108
1123
947
1118
1111
1112
1108
1286
1110
1114
1109
1108
949
1123
948
947
951
1492
1687
1497
1496
1494
1493
246
159
234
156
233
160
243
356
234
235
236
242
258
380
259
260
255
257
246
258
159
158
160
247
246
374
258
256
247
248
374
500
380
376
373
372
364
374
246
248
249
363
364
489
374
371
363
366
625
752
633
631
620
622
1685
1868
1866
1865
1686
1690
380
258
374
256
373
257
2167
2206
2042
2043
2041
2168
166
159
258
158
162
161
633
500
625
501
620
496
383
503
457
453
382
385
331
383
457
382
330
329
507
513
644
511
508
510
732
769
895
767
736
735
639
732
604
606
602
642
639
764
732
645
642
643
383
507
503
504
385
384
644
613
745
615
641
614
761
903
914
902
756
751
1262
1460
1456
1454
1263
1264
1252
1262
1456
1263
1251
1253
1086
1097
1262
1093
1085
1083
716
881
875
872
714
715
1062
1233
1236
1231
1061
1055
1437
1237
1236
1239
1240
1238
1057
1051
1062
1054
1058
888
1057
885
1051
884
888
887
875
881
1042
886
874
872
717
733
885
731
721
718
723
717
885
721
720
722
723
590
717
587
722
589
1071
927
1097
924
923
925
1057
881
885
882
887
883
895
769
927
766
897
767
1071
895
927
897
925
896
733
732
895
736
737
738
732
733
604
605
606
738
503
639
604
602
506
505
922
1091
927
926
919
920
764
904
922
907
762
765
1076
1091
922
920
921
1080
1071
1097
1086
1083
1070
923
733
895
893
894
734
737
769
922
927
919
766
768
1436
1437
1236
1240
1235
1434
377
259
380
260
379
254
367
252
377
250
369
251
502
495
377
378
381
493
478
350
353
349
351
354
495
617
481
482
483
492
513
389
478
393
479
388
164
166
259
167
163
165
289
293
179
180
181
292
219
342
289
221
220
217
179
219
289
220
181
178
148
184
219
185
151
150
689
845
841
842
686
687
549
674
689
675
546
547
540
549
680
548
538
539
436
561
549
537
433
434
833
845
689
687
688
834
832
833
689
688
678
835
832
1005
833
836
835
837
550
418
470
419
465
420
695
550
592
551
593
552
422
418
550
420
423
421
554
422
550
423
553
424
430
305
422
298
425
299
426
430
555
431
427
428
300
305
430
299
301
302
1409
1203
1248
1204
1247
1206
561
555
696
556
562
557
674
561
701
563
676
564
689
674
832
677
678
675
689
680
549
548
546
681
436
555
561
557
434
435
674
549
561
537
564
547
306
300
430
301
303
304
1023
889
1067
891
1022
890
701
832
674
677
676
703
696
701
561
563
562
690
696
852
701
699
690
697
1024
860
852
854
855
862
1005
1006
845
846
839
1007
701
865
832
838
703
702
1029
1218
1038
1039
1030
1031
1005
865
1038
864
1008
867
1028
1218
1029
1031
1032
1033
1804
1987
1806
1801
1802
1805
1975
1981
1799
1796
1797
1976
1837
1975
1799
1797
1795
1835
1837
2014
1975
1977
1835
1836
2150
1987
1981
1980
1978
1986
1194
1018
1006
1009
1010
1019
597
730
724
728
595
599
550
470
592
469
551
465
471
342
438
344
437
346
596
471
565
466
568
473
341
418
289
291
290
340
470
341
471
347
468
343
470
418
341
340
343
419
197
202
123
120
122
201
445
438
314
316
315
441
446
579
452
448
451
450
571
438
445
441
443
440
202
124
123
121
120
126
438
311
314
312
316
310
311
219
184
185
182
218
1824
2002
2000
2003
1826
1825
1646
1824
1837
1819
1649
1644
1821
2002
1824
1825
1820
1822
1443
1430
1631
1432
1444
1429
1828
1641
1833
1642
1829
1640
418
422
293
294
296
421
2040
2042
2206
2043
2039
2035
2205
2036
2206
2034
2203
2037
1866
2042
2040
2035
1867
1864
2206
2167
2327
2166
2204
2168
2358
2205
2361
2201
2354
2207
2361
2205
2206
2203
2202
2201
2501
2358
2361
2354
2360
2357
2658
2501
2500
2502
2506
2503
2658
2652
2501
2505
2503
2650
2495
2489
2347
2349
2350
2490
2501
2495
2353
2355
2352
2496
2652
2643
2495
2497
2498
2499
1857
2030
1853
1851
1854
1856
2030
2189
2021
2019
2018
2029
2358
2198
2205
2200
2207
2199
2358
2501
2353
2352
2356
2357
1670
1853
1666
1669
1667
1673
2036
1857
1859
1858
1862
1855
2036
2205
2030
2033
2032
2037
2191
2027
2189
2026
2192
2028
1847
2022
1842
1843
1840
1846
2021
2027
1848
1849
1850
2020
2191
2172
2022
2024
2023
2169
2030
2198
2189
2193
2029
2031
1853
2030
2021
2018
1852
1851
1857
2036
2030
2032
1856
1855
2040
2036
1859
1862
1860
2038
2205
2198
2030
2031
2033
2200
293
422
305
298
295
294
2479
2500
2361
2359
2351
2476
430
426
306
307
303
428
701
852
860
854
700
699
554
696
555
556
558
559
695
853
696
698
694
692
597
724
592
594
591
595
1024
852
853
858
856
855
701
860
865
859
702
700
696
853
852
858
697
698
554
695
696
694
559
560
430
554
555
558
431
432
430
422
554
424
432
425
592
724
695
693
593
594
1219
1218
1423
1220
1217
1221
1005
1038
1194
1035
1011
1008
865
860
1028
861
863
859
1038
865
1029
866
1030
864
1005
832
865
838
867
837
1024
1028
860
861
862
1025
1024
1203
1209
1207
1026
1027
2036
2040
2206
2039
2034
2038
1859
1866
2040
1867
1860
1861
1670
1678
1857
1674
1671
1672
1489
1497
1685
1495
1490
1488
1866
1683
1685
1681
1686
1682
1484
1296
1489
1297
1486
1292
1868
2042
1866
1864
1865
1863
2636
2633
2479
2477
2478
2634
2793
2923
2786
2789
2788
2797
2636
2780
2785
2781
2630
2631
342
341
289
290
221
345
438
565
471
466
437
439
597
592
470
469
467
591
851
1023
853
857
850
848
724
851
853
850
691
727
724
889
851
849
727
726
876
889
730
729
725
879
1050
1067
889
891
892
1048
695
554
550
553
552
560
2780
2915
2785
2784
2781
2779
414
306
426
307
308
297
1641
1828
1821
1823
1639
1640
1451
1641
1632
1637
1440
1450
1451
1653
1641
1643
1450
1449
1828
2009
2002
2004
1831
1830
1842
1833
1653
1652
1651
1827
2007
2182
2009
2011
2010
2008
2332
2482
2486
2481
2337
2334
2182
2332
2335
2336
2181
2183
2182
2172
2332
2173
2183
2170
2189
2347
2191
2195
2192
2194
2489
2640
2482
2484
2483
2488
1975
2150
1981
1978
1976
1979
1824
2000
1837
1838
1819
1826
2188
2150
2014
2016
2015
2147
2486
2491
2344
2341
2345
2485
2312
2464
2321
2318
2313
2311
2344
2346
2188
2185
2186
2340
2335
2344
2188
2186
2184
2333
2335
2486
2344
2345
2333
2338
2491
2464
2346
2342
2343
2466
1647
1799
1613
1611
1610
1648
1446
1647
1613
1610
1445
1448
1646
1837
1647
1645
1650
1649
2179
2175
2000
2005
2006
2176
2014
2150
1975
1979
1977
2016
3036
3041
3154
3037
3032
3039
3148
3036
3154
3032
3152
3038
3029
3041
3036
3039
3031
2908
2944
3029
3062
3028
2943
2938
2900
2906
3029
2909
2902
2903
2761
2900
2810
2811
2762
2763
2906
3041
3029
2908
2909
2912
2768
2906
2900
2903
2771
2767
2770
2778
2906
2776
2769
2766
3049
3048
3160
3045
3047
3046
2793
2925
2923
2922
2797
2799
2918
3048
2925
2920
2917
2919
3048
3044
3155
3043
3050
3042
3049
2925
3048
2920
3046
2926
3034
3049
3154
3051
3033
3035
3034
2923
3049
2921
3035
2924
2918
3044
3048
3042
2919
2916
1443
1446
1248
1245
1246
1441
1430
1443
1243
1242
1244
1429
1631
1646
1443
1442
1444
1633
1632
1631
1437
1439
1438
1634
1821
1646
1631
1633
1635
1638
1209
1218
1028
1033
1034
1208
1024
1209
1028
1034
1025
1026
1203
1409
1209
1205
1207
1206
1613
1409
1446
1412
1445
1410
1646
1647
1446
1448
1447
1650
1213
1420
1398
1222
1214
1211
1219
1213
1194
1191
1036
1212
1219
1420
1213
1211
1212
1215
1409
1416
1218
1216
1210
1411
1617
1625
1423
1419
1424
1615
1799
1617
1613
1612
1611
1614
1799
1981
1804
1807
1798
1796
1613
1617
1416
1413
1414
1612
1647
1837
1799
1795
1648
1645
1443
1646
1446
1447
1441
1442
1821
1824
1646
1644
1638
1820
1623
1817
1621
1628
1624
1622
1625
1623
1428
1427
1426
1626
1625
1817
1623
1622
1626
1629
1423
1625
1420
1421
1422
1419
1804
1981
1987
1980
1805
1807
1617
1804
1625
1618
1615
1616
1617
1799
1804
1798
1616
1614
2158
2161
1997
1994
1996
2155
2312
2321
2158
2157
2156
2313
2188
2312
2150
2148
2147
2187
2346
2464
2312
2311
2310
2342
2322
2474
2471
2475
2324
2323
2159
2322
2317
2314
2164
2162
2321
2474
2322
2323
2320
2319
2150
2312
2158
2156
2149
2148
2464
2474
2321
2319
2318
2467
1806
1817
1625
1629
1630
1803
1804
1806
1625
1630
1618
1802
1987
1817
1806
1803
1801
1818
1201
1398
1403
1397
1195
1196
1200
1201
1403
1195
1197
1198
1194
1398
1201
1196
1192
1193
1005
1194
1006
1010
1007
1011
1219
1423
1420
1422
1215
1217
1038
1219
1194
1036
1035
1037
1038
1218
1219
1221
1037
1039
1416
1617
1423
1424
1415
1413
1218
1416
1423
1415
1220
1216
1409
1613
1416
1414
1411
1410
1623
1621
1428
1418
1427
1624
1200
1348
1145
1139
1134
1199
1201
1200
1018
1016
1017
1198
1403
1402
1348
1350
1202
1406
1148
1140
1357
1141
1142
1143
1356
1148
1357
1142
1351
1144
960
958
1140
952
961
953
968
960
1148
962
963
964
968
808
960
809
964
810
1361
1156
1152
1149
1150
1153
812
808
968
810
815
811
958
800
799
801
802
803
436
540
414
415
416
417
841
799
685
682
683
796
543
540
680
538
544
541
2918
2785
2915
2784
2913
2782
3044
2918
2915
2913
2914
2916
2925
2793
2796
2798
2794
2799
436
414
426
308
429
416
555
436
426
429
427
435
549
540
436
417
433
539
3155
3160
3048
3045
3050
3156
543
680
685
684
545
544
3160
3262
3260
3264
3159
3158
841
680
689
681
686
679
841
685
680
684
679
683
1013
841
845
842
847
843
1013
1140
956
954
955
959
799
671
685
670
682
672
3160
3154
3049
3051
3047
3153
3262
3160
3155
3156
3157
3158
3260
3154
3160
3153
3159
3149
3376
3260
3262
3264
3266
3263
3148
3154
3260
3149
3151
3152
3029
3148
3062
3056
3028
3030
3376
3268
3260
3261
3263
3270
3268
3378
3287
3283
3269
3267
3260
3268
3167
3166
3161
3261
3376
3378
3268
3267
3270
3373
2361
2206
2327
2204
2326
2202
2479
2361
2327
2326
2325
2351
2500
2501
2361
2360
2359
2502
2347
2331
2191
2190
2195
2330
2198
2347
2189
2194
2193
2196
2489
2482
2347
2339
2349
2483
2353
2495
2347
2350
2348
2355
2198
2353
2347
2348
2196
2197
2198
2358
2353
2356
2197
2199
2501
2652
2495
2498
2496
2505
2633
2658
2500
2506
2504
2632
2479
2633
2500
2504
2476
2477
2636
2785
2633
2635
2634
2630
2796
2793
2658
2656
2657
2798
2785
2796
2658
2657
2655
2783
2785
2918
2796
2795
2783
2782
2653
2786
2643
2642
2639
2649
2652
2653
2643
2639
2499
2651
2793
2786
2653
2649
2648
2788
2658
2793
2652
2654
2650
2656
2633
2785
2658
2655
2632
2635
2918
2925
2796
2794
2795
2917
2923
2791
2786
2787
2789
2792
2640
2491
2486
2485
2480
2494
2643
2786
2640
2638
2637
2642
2791
2773
2644
2647
2646
2772
489
625
500
501
484
491
356
359
488
358
361
362
246
356
364
360
249
244
243
359
356
362
242
241
488
626
489
490
485
486
403
280
402
279
401
278
488
403
527
405
475
406
359
280
403
278
357
281
626
752
625
622
623
624
626
637
752
634
624
621
489
626
625
623
491
490
611
741
626
610
609
607
741
903
761
751
740
742
662
741
611
607
608
659
775
930
903
900
770
776
903
1072
914
912
902
901
775
903
741
742
739
770
1670
1475
1480
1476
1481
1477
464
457
590
463
456
460
586
461
590
458
588
459
336
334
464
338
339
333
1456
1656
1653
1654
1455
1453
1267
1457
1458
1462
1268
1266
1079
1089
1260
1088
1077
1082
1089
1256
1267
1257
1087
1090
1079
916
1089
913
1082
918
909
757
916
758
910
760
617
613
481
480
482
612
502
632
495
494
493
497
745
613
617
612
618
615
1076
922
904
907
905
921
764
639
644
640
638
643
632
617
495
492
494
616
633
632
502
497
498
627
747
617
632
616
628
619
764
922
769
768
763
762
747
904
745
743
746
750
747
909
904
906
750
749
513
478
613
476
509
479
757
633
752
631
755
630
1076
909
1079
908
1078
911
1260
1076
1079
1078
1077
1081
1091
1097
927
924
926
1092
632
633
757
630
629
627
1282
1102
1106
1099
1104
1103
1102
1256
1072
1074
1073
1098
930
1102
1072
1073
928
929
1282
1279
1274
1275
1101
1278
1102
1282
1274
1101
1100
1103
1285
1282
1106
1104
1105
1284
1285
1480
1282
1283
1284
1289
1473
1457
1274
1276
1272
1273
1460
1458
1658
1461
1463
1464
1458
1271
1260
1261
1259
1269
1658
1458
1457
1462
1466
1461
1460
1271
1458
1269
1464
1270
1656
1460
1658
1463
1655
1459
1262
1252
1086
1084
1085
1253
1656
1456
1460
1454
1459
1453
1653
1451
1456
1452
1455
1449
1097
1091
1271
1095
1094
1092
1106
1102
930
929
931
1099
1267
1256
1457
1254
1266
1257
1072
903
930
900
928
901
1089
1072
1256
1074
1090
1075
761
916
752
754
759
753
741
761
637
636
635
740
914
916
761
753
756
915
1089
914
1072
912
1075
917
1089
916
914
915
917
913
1237
1062
1236
1061
1239
1060
1227
1237
1430
1234
1226
1229
1057
1062
1237
1060
1056
1058
881
1057
1042
1040
886
883
1051
1233
1062
1055
1054
1053
1632
1437
1436
1434
1435
1438
1632
1821
1631
1635
1634
1636
799
800
671
673
672
801
1209
1409
1218
1210
1208
1205
1023
1203
1024
1027
1020
1021
1067
1243
1248
1241
1065
1066
960
807
958
804
953
805
960
808
807
806
805
809
819
973
822
820
816
817
812
969
819
818
813
814
1152
1347
1361
1343
1150
1151
968
1152
969
970
965
966
968
1148
1138
1135
967
963
812
968
969
965
814
815
3501
3378
3376
3373
3383
3375
3599
3611
3727
3617
3601
3602
3477
3599
3567
3568
3480
3478
3611
3496
3614
3494
3615
3495
3477
3496
3599
3486
3478
3479
3371
3489
3496
3488
3370
3369
3651
3732
3603
3604
3606
3650
4145
4141
4286
4142
4149
4143
4292
4145
4286
4149
4285
4147
4007
4141
4145
4143
4008
4005
3964
4007
4109
4004
3965
3963
4002
4141
4007
4005
3998
4001
3500
3402
3501
3381
3497
3409
3482
3363
3403
3357
3407
3364
3403
3280
3289
3279
3290
3281
2158
1987
2150
1986
2149
1988
2161
2322
2159
2162
2160
2165
2619
2474
2464
2467
2465
2468
2471
2317
2322
2314
2324
2315
2629
2471
2474
2475
2469
2473
2629
2615
2471
2472
2473
2616
2619
2627
2474
2470
2468
2622
2666
2810
2806
2807
2664
2665
2612
2761
2666
2667
2610
2614
2514
2612
2666
2610
2511
2513
2460
2471
2615
2472
2462
2461
2768
2900
2761
2763
2764
2771
2615
2768
2612
2613
2611
2617
2460
2615
2612
2611
2463
2462
2629
2770
2615
2618
2616
2628
2770
2906
2768
2767
2765
2769
2132
2136
1959
1960
1957
2133
1982
2132
1959
1957
1956
1984
2296
2299
2132
2134
2135
2298
2152
2296
2132
2135
2131
2146
2366
2451
2296
2297
2295
2362
1600
1403
1398
1397
1400
1405
1595
1600
1398
1400
1399
1597
1606
1403
1600
1405
1598
1404
1964
1920
1785
1784
1782
1788
1963
1964
1792
1793
1794
1972
1966
1920
1964
1788
1967
1919
1402
1403
1606
1404
1408
1406
1785
1745
1604
1603
1601
1736
1348
1200
1403
1197
1202
1199
1559
1348
1402
1350
1401
1352
1559
1357
1348
1353
1352
1354
1428
1398
1420
1222
1425
1396
1625
1428
1420
1425
1421
1426
1595
1781
1600
1599
1597
1594
1621
1595
1428
1417
1418
1596
1621
1791
1781
1780
1605
1619
1965
1814
1959
1800
1958
1786
1817
1997
1990
1992
1816
1815
2152
2317
2308
2307
2151
2153
1428
1595
1398
1399
1396
1417
1814
1990
1982
1985
1810
1808
1792
1964
1785
1782
1783
1793
1357
1145
1348
1139
1353
1146
1005
845
833
834
836
839
1213
1398
1194
1193
1191
1214
1018
845
1006
846
1009
844
1201
1018
1194
1019
1192
1017
1013
845
1018
844
1014
847
1200
1013
1018
1014
1016
1012
685
671
543
542
545
670
956
799
841
796
840
797
1013
956
841
840
843
955
1140
958
956
957
954
952
958
807
800
798
803
804
956
958
799
802
797
957
1140
1148
960
962
961
1143
1028
1029
865
866
863
1032
2773
2619
2644
2620
2647
2621
2644
2619
2491
2492
2493
2620
2907
2773
2791
2772
2790
2774
2907
2906
2778
2776
2777
2911
2464
2491
2619
2492
2465
2466
1997
1987
2158
1988
1996
1989
1990
1997
2159
1995
1993
1992
2152
1990
2159
1993
2154
1991
1814
1813
1990
1811
1808
1809
1817
1987
1997
1989
1815
1818
2312
2188
2346
2185
2310
2187
3049
2923
2925
2922
2926
2921
3041
3034
3154
3033
3037
3040
3041
2906
2907
2911
2910
2912
3148
3029
3036
3031
3038
3030
2907
2791
2923
2792
2904
2790
3041
2907
3034
2905
3040
2910
2778
2629
2627
2625
2626
2623
2161
2159
1997
1995
1994
2160
2321
2161
2158
2155
2157
2163
2321
2322
2161
2165
2163
2320
2460
2317
2471
2315
2461
2316
2460
2514
2366
2364
2363
2459
2770
2768
2615
2617
2618
2765
2514
2509
2366
2365
2364
2510
2182
2335
2179
2178
2180
2181
2172
2182
2007
2008
2012
2170
2172
2331
2332
2329
2173
2171
2332
2486
2335
2338
2336
2337
2347
2482
2331
2328
2330
2339
2640
2486
2482
2481
2484
2480
2643
2640
2489
2488
2487
2637
2495
2643
2489
2487
2490
2497
2652
2793
2653
2648
2651
2654
2644
2491
2640
2494
2641
2493
2786
2644
2640
2641
2638
2645
2786
2791
2644
2646
2645
2787
2491
2346
2344
2340
2341
2343
2627
2629
2474
2469
2470
2625
2773
2627
2619
2622
2621
2624
2778
2770
2629
2628
2623
2766
2773
2778
2627
2626
2624
2775
2773
2907
2778
2777
2775
2774
2923
3034
2907
2905
2904
2924
2366
2509
2451
2450
2362
2365
2296
2308
2366
2309
2295
2208
1990
2152
1982
1983
1985
1991
2159
2317
2152
2153
2154
2164
2308
2460
2366
2363
2309
2306
2296
2152
2308
2151
2208
2146
2317
2460
2308
2306
2307
2316
2768
2761
2612
2614
2613
2764
2666
2806
2661
2663
2662
2664
2460
2612
2514
2513
2459
2463
2761
2810
2666
2665
2667
2762
2000
2014
1837
1836
1838
1999
2179
2000
2002
2003
2001
2006
2175
2014
2000
1999
2005
2017
819
969
973
971
817
818
977
981
824
825
826
978
822
977
824
826
821
823
1946
2120
2121
2117
1942
1948
1765
1946
1773
1769
1763
1762
1590
1765
1773
1763
1588
1589
1772
1590
1773
1588
1771
1587
1389
1579
1590
1577
1390
1391
1579
1761
1765
1758
1576
1578
1765
1937
1946
1938
1762
1764
1002
985
831
829
830
988
981
1002
831
830
828
982
824
981
831
828
827
825
977
1161
981
983
978
979
1165
1184
1002
1003
1001
1168
1377
1389
1184
1185
1187
1374
1575
1377
1372
1373
1370
1375
1579
1389
1377
1374
1376
1391
1178
995
1170
994
1171
996
1386
1177
1178
1183
1181
1179
1389
1580
1378
1381
1380
1392
1382
1177
1386
1179
1384
1180
1324
1173
1382
1175
1322
1176
991
998
1177
999
993
990
995
985
1170
987
994
986
1781
1792
1606
1608
1607
1779
1600
1781
1606
1607
1598
1599
1595
1621
1781
1605
1594
1596
1347
1356
1556
1349
1345
1346
1145
1140
1013
959
1015
1147
1200
1145
1013
1015
1012
1134
1357
1140
1145
1147
1146
1141
1356
1357
1559
1354
1355
1351
1556
1356
1559
1355
1557
1349
1347
1152
1138
1133
1136
1151
1138
1152
968
966
967
1133
1356
1138
1148
1135
1144
1137
1356
1347
1138
1136
1137
1346
1161
1369
1372
1368
1163
1164
1002
981
1165
984
1001
982
977
973
1157
974
980
975
1746
1751
1566
1564
1565
1747
1184
1170
1002
1004
1003
1169
1372
1377
1165
1167
1166
1373
1378
1178
1170
1171
1172
1182
1389
1378
1184
1186
1185
1380
1947
1900
1772
1767
1770
1768
1946
1947
1773
1766
1769
1941
1945
1900
1947
1768
1944
1897
1382
1581
1526
1525
1383
1385
1580
1590
1772
1587
1585
1584
1378
1580
1386
1387
1379
1381
1590
1579
1765
1576
1589
1577
1590
1580
1389
1392
1390
1584
1761
1937
1765
1764
1758
1760
1900
2075
1904
1902
1898
1899
1773
1947
1772
1770
1771
1766
1947
2121
1945
1939
1944
1943
1378
1170
1184
1169
1186
1172
1365
1361
1561
1359
1362
1360
1566
1365
1561
1362
1560
1363
1157
1161
977
979
980
1158
1365
1157
1156
1154
1155
1159
1365
1369
1157
1160
1159
1364
1165
1161
1372
1163
1166
1162
1369
1161
1157
1158
1160
1164
1744
1561
1552
1549
1551
1563
1921
1746
1917
1749
1915
1748
1751
1568
1566
1567
1564
1571
1925
1754
1751
1750
1753
1755
1566
1369
1365
1364
1363
1366
1746
1566
1561
1560
1562
1565
1568
1369
1566
1366
1567
1367
1754
1568
1751
1571
1750
1569
1575
1372
1568
1371
1570
1370
1156
1361
1365
1360
1155
1153
973
1156
1157
1154
974
976
822
973
977
975
823
820
969
1156
973
976
971
972
969
1152
1156
1149
972
970
1347
1556
1552
1548
1344
1345
2992
2868
2871
2870
2873
2869
3536
3620
3629
3624
3512
3511
3402
3500
3527
3411
3405
3409
3408
3402
3527
3405
3404
3406
3408
3378
3402
3382
3406
3285
3501
3620
3500
3498
3497
3499
3380
3501
3376
3383
3377
3379
3274
3380
3376
3377
3273
3272
3274
3275
3380
3276
3272
3271
3506
3387
3395
3384
3392
3385
3380
3390
3501
3388
3379
3374
3275
3387
3390
3386
3278
3277
2999
3116
3111
3113
3001
3000
2879
3005
2999
3002
2880
2881
3076
3186
3121
3122
3073
3077
2954
3076
3005
3006
2950
2955
2954
3081
3076
3078
2955
2956
2999
2997
2877
2875
2878
2995
2879
2999
2877
2878
2876
2880
3005
3116
2999
3000
3002
3003
2879
2954
3005
2950
2881
2882
2741
2879
2877
2876
2739
2738
2741
2824
2879
2825
2738
2740
3228
3121
3186
3122
3181
3120
2999
3111
2997
2998
2995
3001
3224
3116
3121
3115
3119
3117
3224
3223
3116
3118
3117
3220
3224
3342
3336
3335
3226
3227
3298
3343
3228
3230
3231
3232
3342
3465
3336
3334
3335
3341
3476
3475
3343
3344
3346
3470
3476
3598
3475
3471
3470
3472
3223
3111
3116
3113
3118
3112
3336
3223
3224
3220
3226
3221
3336
3331
3223
3222
3221
3332
3219
3108
3111
3109
3114
3110
3108
2992
2997
2993
2996
2994
2877
2997
2871
2874
2872
2875
3111
3108
2997
2996
2998
3109
3347
3298
3424
3296
3299
3297
3343
3342
3228
3229
3230
3340
3331
3336
3459
3337
3333
3332
3331
3219
3223
3218
3222
3217
3223
3219
3111
3114
3112
3218
3709
3585
3677
3580
3675
3586
3835
3978
3975
3981
3836
3837
3955
3835
3806
3810
3811
3834
3955
3978
3835
3837
3834
3954
3845
3716
3709
3710
3711
3715
3846
3719
3854
3721
3848
3722
3589
3582
3465
3462
3463
3583
3469
3476
3347
3348
3349
3466
3429
3469
3347
3349
3338
3419
3585
3594
3469
3467
3468
3587
3589
3598
3719
3597
3590
3591
3714
3589
3719
3590
3713
3588
3465
3475
3589
3473
3463
3464
3347
3476
3343
3346
3345
3348
3186
3298
3228
3231
3181
3189
3429
3547
3469
3461
3419
3428
3594
3720
3598
3596
3592
3593
3469
3594
3476
3474
3466
3467
3585
3709
3716
3710
3584
3586
3465
3582
3459
3458
3460
3462
3342
3343
3475
3344
3339
3340
3465
3342
3475
3339
3464
3341
3224
3228
3342
3229
3227
3225
3598
3720
3719
3723
3597
3596
3475
3598
3589
3591
3473
3471
3476
3594
3598
3592
3472
3474
3336
3465
3459
3460
3337
3334
3536
3629
3528
3526
3532
3512
3527
3536
3651
3530
3531
3535
3500
3620
3536
3511
3502
3498
3390
3510
3501
3503
3388
3389
3743
3629
3620
3624
3619
3627
3849
3854
3720
3724
3725
3850
3716
3849
3720
3725
3717
3718
3988
3992
3849
3851
3852
3990
4134
4284
4139
4135
4136
4137
3991
3992
4139
3994
3995
3996
4529
4623
4640
4622
4523
4524
4400
4519
4409
4403
4398
4399
4278
4400
4409
4398
4276
4277
4278
4395
4400
4383
4277
4270
4626
4734
4623
4630
4631
4632
4033
4173
4035
4036
4037
4038
4164
4160
4031
4030
4025
4159
4313
4173
4170
4167
4168
4174
4284
4134
4274
4138
4273
4137
3620
3510
3622
3508
3623
3509
3637
3642
3760
3640
3634
3635
3398
3520
3519
3517
3399
3397
3398
3412
3520
3400
3397
3396
3884
4010
4027
3883
3885
3886
3752
3870
3869
3871
3754
3753
3752
3760
3870
3755
3753
3751
3891
4027
4031
4026
3889
3890
3771
3891
3896
3772
3769
3770
4003
3864
3896
3863
3894
3866
3528
3629
3649
3626
3529
3526
3651
3528
3649
3529
3647
3533
3651
3536
3528
3532
3533
3530
4010
3869
3870
3871
3872
3873
3891
3884
4027
3885
3890
3887
3765
3869
3884
3874
3766
3763
3510
3390
3506
3391
3507
3389
3622
3510
3506
3507
3505
3508
3519
3622
3506
3505
3504
3513
3743
3620
3622
3623
3621
3619
3620
3501
3510
3503
3509
3499
3765
3884
3891
3887
3767
3766
3743
3869
3745
3747
3746
3749
3741
3752
3869
3754
3750
3742
4408
4412
4284
4282
4283
4402
4529
4408
4409
4404
4405
4406
4528
4412
4408
4402
4407
4410
4640
4738
4639
4634
4635
4636
3524
3412
3543
3415
3521
3413
3642
3524
3543
3521
3525
3523
3520
3412
3524
3413
3514
3400
4639
4738
4643
4641
4637
4634
4412
4528
4532
4522
4411
4410
4529
4519
4623
4520
4524
4507
4528
4529
4640
4523
4525
4526
4532
4528
4639
4527
4530
4522
4408
4529
4528
4526
4407
4406
4409
4519
4529
4507
4405
4403
3543
3412
3417
3414
3418
3415
3760
3642
3762
3638
3759
3640
3760
3752
3637
3636
3634
3751
3882
3760
3762
3759
3756
3757
3878
3870
3760
3755
3758
3868
3882
3878
3760
3758
3757
3875
3882
4017
3878
3876
3875
3879
3637
3630
3519
3515
3516
3618
3524
3637
3520
3518
3514
3522
3752
3741
3637
3633
3636
3742
3637
3741
3630
3631
3618
3633
4738
4845
4743
4745
4739
4740
4845
4736
4839
4741
4836
4742
4643
4738
4743
4739
4642
4641
4643
4532
4639
4530
4637
4531
4852
4760
4752
4746
4747
4758
4855
4854
4951
4856
4857
4858
4855
4829
4854
4757
4858
4834
4736
4833
4839
4835
4741
4735
4734
4726
4829
4724
4729
4725
4509
4519
4400
4399
4401
4508
4734
4626
4629
4624
4625
4632
4623
4519
4626
4521
4631
4520
4833
4728
4734
4730
4731
4732
4640
4639
4528
4527
4525
4635
4728
4640
4623
4622
4627
4633
4736
4738
4640
4636
4638
4737
4537
4506
4538
4416
4534
4500
4647
4537
4649
4535
4646
4536
4647
4618
4537
4533
4536
4619
4629
4618
4726
4620
4628
4621
4629
4510
4618
4514
4621
4515
3674
3543
3544
3539
3541
3538
4845
4839
4934
4837
4840
4836
4846
4845
4941
4841
4842
4843
4846
4743
4845
4745
4843
4744
3524
3642
3637
3635
3522
3523
3544
3543
3417
3418
3416
3539
3674
3639
3543
3542
3538
3540
3783
3788
3918
3789
3784
3785
3669
3674
3803
3672
3670
3671
3657
3662
3783
3659
3658
3656
3765
3745
3869
3747
3763
3744
3771
3765
3891
3767
3770
3764
3649
3745
3765
3744
3648
3645
3651
3649
3771
3652
3646
3647
3629
3745
3649
3645
3626
3628
4010
4017
4151
4019
4011
4012
3869
4010
3884
3886
3874
3873
3870
3878
4010
3877
3872
3868
3904
4045
4044
4046
3902
3903
3882
3904
4018
3900
3881
3880
3909
4045
3904
3903
3901
3910
4156
4151
4017
4019
4013
4152
4160
4304
4170
4169
4161
4162
4031
4160
4170
4161
4028
4030
4164
4304
4160
4162
4159
4163
4027
4164
4031
4025
4026
4020
4151
4156
4296
4157
4153
4152
4010
4151
4023
4021
4009
4011
4156
4299
4296
4295
4157
4158
4728
4833
4736
4735
4733
4732
4640
4728
4736
4733
4638
4633
4623
4734
4728
4730
4627
4630
4726
4734
4629
4625
4628
4725
4726
4760
4829
4756
4724
4727
4932
5021
4934
4935
4936
4937
4946
5011
4932
4938
4927
4947
4951
4946
4855
4851
4857
4948
5030
5110
5094
5092
5031
5032
4951
5030
4946
4949
4948
4952
4951
5027
5030
5033
4952
4950
5094
5021
5011
5012
5013
5020
4946
5030
5011
5014
4947
4949
5110
5169
5094
5093
5092
5111
4941
4931
4846
4844
4842
4928
4934
4941
4845
4841
4840
4933
5019
5018
4931
4929
4930
5017
5021
5019
4941
4939
4940
5022
5021
5100
5019
5023
5022
5024
4934
5021
4941
4940
4933
4935
4833
4932
4839
4838
4835
4830
4833
4829
4932
4831
4830
4832
5100
5099
5019
5025
5023
5098
3783
3662
3788
3661
3785
3659
5094
5011
5030
5014
5031
5013
4932
4855
4946
4851
4927
4848
5021
4932
5011
4938
5012
4937
4934
4839
4932
4838
4936
4837
4829
4760
4854
4759
4757
4756
4932
4829
4855
4834
4848
4831
4833
4734
4829
4729
4832
4731
4752
4760
4726
4727
4656
4746
4752
4751
4852
4753
4747
4754
3666
3797
3662
3660
3663
3667
4229
4087
4088
4086
4090
4084
4087
3942
3945
3941
3946
3940
4353
4219
4229
4217
4227
4216
4219
4073
4087
4075
4085
4074
4057
3951
4096
3950
4055
3948
3803
3783
3918
3784
3804
3782
3798
3666
3793
3664
3790
3665
3924
3797
3942
3795
3920
3794
3788
3662
3797
3660
3786
3661
3924
3788
3797
3786
3794
3787
3924
3918
3788
3789
3787
3921
4087
4073
3942
3939
3940
4075
4073
3918
3924
3921
3922
3919
3951
3803
3918
3804
3923
3805
3905
3779
3803
3774
3802
3778
4057
3905
3951
3906
3948
3907
4057
3909
3905
3908
3907
3912
3674
3544
3657
3537
3655
3541
3803
3674
3783
3668
3782
3672
3669
3639
3674
3540
3671
3641
3639
3669
3762
3654
3643
3641
3642
3639
3762
3643
3638
3644
3642
3543
3639
3542
3644
3525
3674
3657
3783
3658
3668
3655
3942
3798
3945
3800
3941
3801
4145
4144
4007
4006
4008
4146
4501
4510
4388
4385
4386
4502
4254
4381
4388
4378
4256
4257
4506
4618
4501
4503
4504
4505
3978
4118
4124
4119
3979
3980
3838
3835
3975
3836
3841
3833
3956
3958
4108
3957
3959
3960
3955
3956
4104
3961
3952
3953
3955
3958
3956
3960
3953
3820
3956
4108
4104
4101
3961
3959
3816
3958
3955
3820
3817
3818
3832
3973
3958
3962
3827
3828
3696
3832
3813
3819
3697
3698
3683
3696
3813
3697
3684
3685
3704
3832
3696
3698
3699
3700
3973
4115
4108
4105
3968
3969
3826
3973
3832
3828
3829
3830
3826
3967
3973
3970
3830
3831
4252
4388
4384
4387
4258
4259
4115
4252
4108
4106
4105
4113
4115
4253
4252
4260
4113
4114
4252
4248
4108
4107
4106
4249
4381
4501
4388
4386
4378
4379
4292
4381
4254
4257
4247
4289
4419
4501
4381
4379
4380
4382
4384
4248
4252
4249
4258
4250
4510
4384
4388
4387
4385
4389
4510
4392
4384
4390
4389
4393
4384
4264
4248
4251
4250
4262
4384
4392
4264
4263
4262
4390
4419
4506
4501
4504
4382
4418
4501
4618
4510
4514
4502
4503
2238
2397
2245
2241
2236
2237
2075
1945
2090
1930
2072
1913
2120
2278
2121
2118
2117
2119
2866
2720
2723
2722
2724
2716
2990
2866
2867
2861
2862
2865
2859
2966
2844
2845
2837
2858
2866
2859
2721
2719
2717
2857
2986
2966
2859
2858
2860
2958
2275
2278
2427
2282
2274
2270
2278
2277
2430
2279
2281
2276
2121
2278
2275
2270
2116
2118
2557
2417
2555
2412
2556
2414
2708
2557
2555
2556
2559
2561
2434
2411
2557
2415
2435
2413
2580
2720
2571
2573
2572
2579
2856
2723
2708
2714
2713
2726
2867
2866
2723
2724
2725
2861
2277
2259
2411
2257
2280
2256
2398
2384
2246
2240
2242
2383
2397
2546
2398
2392
2393
2395
2686
2682
2531
2534
2533
2681
3727
3693
3599
3600
3601
3691
3865
3856
3740
3736
3737
3857
3856
3822
3727
3728
3726
3821
3856
3964
3822
3823
3821
3858
3856
4002
3964
3867
3858
3859
3740
3856
3727
3726
3729
3736
3865
4002
3856
3859
3857
3861
3738
3865
3740
3737
3735
3734
3738
3864
3865
3860
3734
3739
4003
4141
4002
4001
3999
4000
4109
4115
3967
3971
3972
4110
4144
4254
4253
4261
4116
4150
4007
4144
4109
4112
4004
4006
4292
4254
4144
4150
4148
4247
4314
4413
4286
4287
4288
4293
4419
4381
4292
4289
4291
4380
3611
3740
3727
3729
3617
3616
3496
3611
3599
3602
3486
3495
3496
3489
3614
3493
3494
3488
3967
3826
3822
3824
3825
3831
4109
3967
3964
3966
3965
3972
4115
3973
3967
3970
3971
3969
3704
3683
3575
3571
3572
3573
3705
3704
3576
3577
3578
3701
3826
3705
3693
3694
3695
3702
3826
3832
3705
3703
3702
3829
3705
3832
3704
3700
3701
3703
3686
3564
3683
3565
3687
3566
3813
3686
3683
3687
3684
3688
3676
3557
3686
3558
3678
3559
3424
3555
3429
3430
3425
3426
3347
3424
3429
3425
3338
3299
3306
3434
3424
3427
3307
3309
3563
3564
3686
3566
3560
3556
3424
3434
3555
3438
3426
3427
3195
3190
3308
3192
3194
3193
3076
3195
3186
3187
3077
3079
3076
3081
3195
3080
3079
3078
3201
3088
3096
3089
3097
3087
2827
2686
2826
2687
2829
2685
2814
2691
2835
2689
2817
2688
2682
2686
2827
2685
2683
2681
2535
2682
2691
2684
2537
2536
2535
2528
2682
2530
2536
2527
2245
2246
2081
2086
2080
2243
2079
2245
2081
2080
2077
2076
2397
2398
2245
2244
2241
2393
2245
2398
2246
2242
2243
2244
2248
2397
2238
2237
2239
2251
2406
2405
2554
2403
2402
2401
2531
2384
2398
2383
2394
2386
3195
3308
3306
3310
3196
3194
3081
3190
3195
3193
3080
3075
2951
3081
2954
2956
2952
2957
2951
3070
3081
3072
2957
2953
3088
3184
3070
3071
3069
3086
2961
3088
3070
3069
2960
2962
2972
3096
3088
3089
2971
2970
3201
3300
3184
3185
3183
3204
2975
3099
2976
2978
2974
2979
3445
3563
3432
3436
3435
3443
3195
3306
3186
3188
3187
3196
3300
3308
3190
3192
3191
3303
3434
3306
3308
3310
3305
3309
3555
3434
3563
3437
3561
3438
3005
3076
3121
3073
3004
3006
3482
3487
3363
3358
3364
3485
3575
3454
3576
3456
3574
3457
3564
3550
3683
3553
3565
3551
3683
3550
3575
3552
3571
3553
2806
2802
2661
2660
2663
2804
2929
2933
3052
2930
2932
2928
3352
3477
3353
3350
3356
3351
4313
4170
4304
4169
4166
4168
3864
3732
3771
3730
3768
3733
3865
3864
4003
3866
3862
3860
3738
3732
3864
3733
3739
3731
3506
3390
3387
3386
3385
3391
3519
3506
3395
3392
3394
3504
3398
3519
3395
3394
3393
3399
3630
3743
3622
3621
3625
3632
3743
3745
3629
3628
3627
3746
3630
3741
3743
3748
3632
3631
3519
3630
3622
3625
3513
3515
3519
3520
3637
3518
3516
3517
3741
3869
3743
3749
3748
3750
3765
3771
3649
3652
3648
3764
3536
3527
3500
3411
3502
3535
3402
3378
3501
3375
3381
3382
4035
4173
4141
4140
4034
4036
4003
4035
4141
4034
4000
3997
4033
4031
4170
4028
4032
4029
3896
3898
4035
3897
3895
3893
3896
3891
3898
3888
3893
3772
4807
4702
4800
4703
4802
4700
4807
4706
4702
4701
4700
4704
4901
4980
4892
4893
4894
4902
5069
4991
5000
4990
4995
4988
5141
5127
5064
5062
5063
5129
5065
5146
5075
5074
5067
5068
4984
5065
4997
4993
4987
4985
5059
5131
5065
5066
5053
5054
5208
5219
5146
5143
5145
5209
4716
4713
4611
4613
4612
4711
4706
4811
4705
4707
4708
4710
4916
5000
4991
4990
4908
4913
4811
4907
4818
4816
4805
4809
5001
5000
4916
4913
4912
4998
4910
5001
4909
4918
4914
4915
4997
5075
5001
4992
4994
4999
4658
4545
4562
4550
4563
4547
4461
4582
4565
4567
4463
4460
4374
4466
4461
4462
4342
4370
4374
4494
4466
4467
4370
4376
4498
4609
4617
4608
4497
4499
4374
4498
4494
4495
4376
4375
4489
4609
4498
4499
4491
4488
4689
4781
4676
4674
4675
4692
4617
4689
4583
4580
4585
4614
4814
4713
4716
4711
4717
4712
4916
4820
4909
4821
4911
4822
4720
4713
4814
4712
4722
4714
4797
4720
4820
4719
4798
4721
4880
4797
4892
4799
4879
4796
4689
4720
4797
4721
4690
4691
4617
4713
4720
4714
4616
4615
4562
4545
4443
4441
4442
4550
4673
4562
4565
4560
4566
4561
4673
4658
4562
4563
4561
4657
4374
4339
4240
4236
4244
4335
4377
4374
4240
4244
4246
4372
4583
4582
4466
4464
4465
4581
4245
4198
4096
4098
4095
4094
4093
4245
4096
4095
4099
4100
4339
4200
4198
4203
4204
4199
4478
4595
4489
4490
4476
4480
4359
4478
4353
4354
4352
4362
4596
4595
4478
4480
4479
4601
4486
4596
4478
4479
4477
4481
4486
4604
4596
4599
4481
4484
4363
4486
4359
4361
4360
4364
4240
4339
4198
4204
4202
4236
4611
4713
4609
4606
4607
4613
4595
4611
4609
4607
4492
4597
4367
4478
4489
4476
4366
4369
4596
4604
4705
4603
4600
4599
4907
4807
4898
4806
4896
4808
4910
4907
4997
4906
4917
4904
5001
4910
4997
4917
4994
4915
4909
4814
4818
4815
4817
4812
4811
4807
4907
4808
4809
4810
4910
4818
4907
4816
4904
4819
4716
4705
4811
4707
4718
4709
4595
4705
4611
4610
4597
4598
4706
4807
4811
4810
4710
4704
4494
4617
4583
4585
4496
4493
4466
4494
4583
4496
4465
4467
4374
4377
4498
4371
4375
4372
4377
4241
4367
4239
4368
4237
4198
4245
4240
4238
4202
4094
4367
4353
4478
4354
4369
4351
4377
4367
4489
4366
4373
4368
4498
4377
4489
4373
4491
4371
4240
4245
4377
4242
4246
4238
4241
4353
4367
4351
4239
4235
4093
4241
4245
4243
4100
4097
4093
4219
4241
4218
4097
4092
4705
4604
4706
4605
4708
4603
4200
4179
4062
4059
4060
4180
4337
4200
4339
4199
4336
4201
4337
4317
4200
4197
4201
4318
3905
3909
3779
3777
3778
3908
4079
3930
3933
3931
3934
3926
4082
4221
4079
4077
4080
4083
3945
3798
3928
3799
3927
3800
3576
3704
3575
3572
3574
3577
3567
3576
3454
3456
3455
3570
3567
3693
3576
3579
3570
3569
3287
3378
3408
3285
3286
3283
3403
3289
3408
3288
3410
3290
3176
3062
3167
3066
3169
3064
3274
3376
3262
3266
3265
3273
3380
3275
3390
3278
3374
3276
2535
2387
2528
2389
2527
2388
4424
4538
4413
4414
4415
4421
4314
4424
4413
4415
4293
4307
4544
4538
4424
4421
4422
4539
4313
4439
4314
4308
4309
4315
4647
4752
4726
4656
4644
4645
4506
4537
4618
4533
4505
4500
4649
4752
4647
4645
4646
4648
4655
4649
4538
4540
4541
4650
4655
4755
4649
4651
4650
4652
4544
4655
4538
4541
4539
4542
4668
4772
4769
4766
4663
4662
4558
4668
4655
4653
4556
4557
4558
4666
4668
4664
4557
4559
3555
3563
3686
3560
3562
3561
4286
4413
4292
4290
4285
4287
4173
4314
4286
4288
4171
4172
4546
4426
4425
4427
4428
4429
4439
4435
4553
4433
4438
4434
4424
4439
4544
4440
4422
4423
4313
4306
4439
4310
4315
4311
4306
4304
4435
4302
4312
4303
4439
4306
4435
4312
4434
4310
4313
4304
4306
4303
4311
4166
4510
4629
4511
4512
4513
4515
4647
4726
4618
4620
4619
4644
4538
4649
4537
4535
4534
4540
4419
4538
4506
4416
4418
4417
4544
4558
4655
4556
4542
4543
4852
4951
4854
4856
4859
4860
4760
4852
4854
4859
4759
4758
4769
4865
4853
4847
4768
4767
4852
4769
4853
4768
4861
4761
4755
4668
4769
4663
4748
4661
4751
4755
4852
4749
4753
4750
4649
4751
4752
4754
4648
4654
4649
4755
4751
4750
4654
4651
4865
4956
4945
4876
4862
4863
4853
4865
4945
4862
4849
4847
4772
4864
4865
4868
4770
4771
4853
4951
4852
4860
4861
4850
4755
4769
4852
4761
4749
4748
4945
4951
4853
4850
4849
4943
4772
4865
4769
4767
4766
4770
4956
4961
4945
4944
4876
4958
5094
5169
5100
5101
5095
5093
4485
4363
4355
4358
4356
4365
4699
4702
4594
4592
4593
4698
4604
4486
4485
4487
4483
4484
4594
4604
4485
4483
4482
4591
4473
4594
4485
4482
4474
4475
4355
4473
4485
4474
4356
4357
4471
4587
4473
4472
4470
4469
4587
4699
4594
4593
4588
4589
4596
4705
4595
4598
4601
4600
4062
4057
4198
4058
4061
4056
4317
4179
4200
4180
4197
4181
4045
3909
4062
3911
4040
3910
3779
3762
3669
3654
3673
3653
3803
3779
3669
3673
3670
3774
3775
3882
3762
3756
3761
3773
3909
3775
3779
3776
3777
3781
3909
3904
3775
3780
3781
3901
4062
3909
4057
3912
4056
3911
3775
3762
3779
3653
3776
3761
3904
3882
3775
3773
3780
3880
4017
4010
3878
3877
3876
4012
3951
3905
3803
3802
3805
3906
4234
4088
4221
4091
4222
4089
4353
4229
4359
4230
4352
4227
4073
4093
3951
3949
3947
4072
4229
4219
4087
4085
4084
4217
4353
4241
4219
4218
4216
4235
4486
4478
4359
4362
4361
4477
4241
4377
4245
4242
4243
4237
4096
3951
4093
3949
4099
3950
4087
3945
4088
3944
4086
3946
3798
3793
3928
3792
3799
3790
3797
3798
3942
3801
3795
3796
3797
3666
3798
3665
3796
3667
3793
3930
3928
3929
3792
3791
4182
4321
4186
4185
4184
4183
4186
4321
4324
4322
4187
4185
4324
4321
4451
4323
4326
4322
4570
4455
4451
4449
4450
4453
4194
4186
4324
4187
4190
4188
4329
4194
4324
4190
4325
4191
4455
4329
4324
4325
4327
4330
4332
4206
4329
4196
4328
4207
4189
4051
4194
4053
4192
4054
4194
4051
4186
4052
4188
4053
4574
4578
4457
4456
4458
4572
4680
4574
4570
4568
4569
4571
4680
4684
4574
4573
4571
4678
4574
4684
4578
4575
4572
4573
4050
4051
4189
4054
4047
4048
4206
4066
4189
4063
4193
4068
4329
4206
4189
4193
4195
4196
4346
4211
4206
4205
4208
4212
4886
4791
4883
4788
4881
4789
4066
4070
3914
3916
3915
4065
4189
4066
4050
4049
4047
4063
4211
4070
4066
4065
4067
4071
4332
4346
4206
4208
4207
4331
4234
4363
4359
4360
4233
4231
4229
4234
4359
4233
4230
4228
4221
4355
4234
4232
4222
4226
4349
4355
4220
4223
4224
4350
4349
4473
4355
4357
4350
4348
4794
4685
4791
4687
4790
4688
4891
4800
4794
4792
4793
4803
4699
4587
4697
4590
4696
4589
4604
4594
4702
4592
4602
4591
4587
4685
4697
4686
4590
4586
4346
4332
4457
4334
4345
4331
4211
4346
4349
4343
4213
4212
4211
4066
4206
4068
4205
4067
4455
4570
4574
4568
4454
4453
4457
4455
4574
4454
4458
4452
4457
4332
4455
4333
4452
4334
4587
4471
4578
4468
4576
4469
4471
4346
4457
4345
4459
4344
4189
4194
4329
4191
4195
4192
4324
4451
4455
4449
4327
4326
4975
4969
5049
4970
4973
4971
4898
4891
4974
4889
4897
4884
4886
4969
4975
4971
4887
4888
4794
4697
4685
4686
4688
4695
4807
4800
4898
4801
4806
4802
4699
4697
4800
4694
4693
4696
4883
4969
4886
4888
4881
4882
4066
3914
4050
3913
4049
3915
4210
4070
4211
4071
4214
4069
4349
4210
4211
4214
4213
4209
4220
4082
4210
4076
4215
4081
3938
3914
4070
3916
3937
3917
4975
4974
4891
4889
4890
4979
4473
4349
4471
4347
4470
4348
4082
4079
3933
3934
3936
4080
4070
4082
3938
3932
3937
4064
4220
4221
4082
4083
4081
4225
4349
4220
4210
4215
4209
4224
4079
3945
3928
3927
3925
3943
4221
4088
4079
4078
4077
4091
4355
4221
4220
4225
4223
4226
4355
4363
4234
4231
4232
4358
4088
4234
4229
4228
4090
4089
5049
5060
4975
4976
4973
5050
4082
4070
4210
4069
4076
4064
5060
5059
4974
4977
4978
5056
5124
5060
5049
5050
5051
5057
5135
5202
5211
5200
5138
5136
5060
5135
5059
5058
5056
5055
5124
5202
5135
5136
5125
5126
4082
3933
3938
3935
3932
3936
3945
4079
4088
4078
3944
3943
3928
3930
4079
3926
3925
3929
4864
4779
4875
4777
4866
4780
4676
4673
4565
4566
4564
4669
4582
4676
4565
4564
4567
4584
4776
4779
4673
4672
4671
4774
4781
4776
4676
4677
4674
4723
4828
4880
4925
4877
4825
4826
4864
4762
4779
4763
4780
4764
4956
4864
4875
4866
4869
4867
4772
4762
4864
4764
4771
4765
4762
4673
4779
4672
4763
4670
4666
4762
4772
4765
4667
4665
4668
4666
4772
4667
4662
4664
4558
4553
4666
4555
4559
4552
4658
4673
4762
4670
4659
4657
4666
4658
4762
4659
4665
4660
4562
4443
4445
4444
4447
4442
4546
4545
4658
4547
4548
4549
4546
4443
4545
4441
4549
4432
4425
4443
4546
4432
4428
4430
4299
4425
4426
4427
4300
4301
4299
4317
4425
4316
4301
4294
4296
4299
4426
4300
4297
4295
4304
4296
4426
4297
4305
4298
4164
4151
4296
4153
4165
4154
4179
4045
4062
4040
4059
4043
4178
4179
4317
4181
4177
4176
4299
4178
4317
4177
4294
4175
4299
4156
4178
4155
4175
4158
4178
4044
4179
4041
4176
4042
4337
4445
4443
4444
4320
4340
4200
4062
4198
4061
4203
4060
4044
4045
4179
4043
4041
4046
4018
4044
4156
4039
4014
4015
4018
3904
4044
3902
4015
3900
4017
4018
4156
4014
4013
4016
4017
3882
4018
3881
4016
3879
4057
4096
4198
4098
4058
4055
4486
4363
4485
4365
4487
4364
4339
4374
4461
4342
4338
4335
4073
3951
3918
3923
3919
3947
3942
4073
3924
3922
3920
3939
4219
4093
4073
4072
4074
4092
5425
5389
5421
5387
5420
5386
5326
5267
5328
5265
5324
5266
5418
5377
5373
5378
5372
5374
5354
5291
5293
5292
5294
5295
5211
5202
5271
5201
5212
5200
5331
5280
5271
5269
5270
5272
5211
5208
5135
5137
5138
5207
5284
5278
5341
5286
5283
5281
5273
5284
5336
5285
5276
5274
5323
5273
5336
5276
5287
5275
4828
4781
4880
4782
4826
4784
4920
4828
4925
4825
4921
4827
5003
4920
4925
4921
4926
4922
4957
4875
4874
4870
4871
4872
4776
4781
4828
4784
4773
4723
5273
5205
5216
5204
5221
5206
5135
5060
5124
5057
5125
5055
5131
5146
5065
5068
5066
5132
5208
5131
5135
5134
5137
5133
5208
5146
5131
5132
5133
5145
5284
5219
5278
5217
5281
5215
5131
5059
5135
5058
5134
5054
4974
4975
5060
4976
4978
4979
4984
4974
5059
4977
4986
4972
4984
4898
4974
4897
4972
4899
5216
5219
5284
5215
5218
5220
5141
5149
5216
5147
5139
5142
5205
5141
5216
5139
5204
5140
5069
5064
4991
4989
4988
5061
5075
5146
5149
5144
5072
5074
5278
5219
5208
5209
5210
5217
5141
5205
5127
5128
5129
5140
5219
5216
5149
5147
5148
5220
5284
5273
5216
5221
5218
5274
4791
4685
4684
4682
4683
4687
4883
4791
4786
4787
4785
4788
4794
4800
4697
4694
4695
4792
4886
4794
4791
4790
4789
4795
4891
4898
4800
4801
4803
4884
4886
4891
4794
4793
4795
4885
4886
4975
4891
4890
4885
4887
4997
4907
4984
4905
4987
4906
4702
4699
4800
4693
4703
4698
4604
4702
4706
4701
4605
4602
4473
4587
4594
4588
4475
4472
4346
4471
4349
4347
4343
4344
4457
4578
4471
4468
4459
4456
4578
4685
4587
4586
4576
4577
4332
4329
4455
4330
4333
4328
4684
4786
4791
4787
4683
4681
4578
4684
4685
4682
4577
4575
4680
4786
4684
4681
4678
4679
5278
5208
5211
5207
5214
5210
5341
5278
5280
5279
5282
5286
5389
5341
5335
5339
5338
5337
5336
5284
5341
5283
5340
5285
5341
5280
5335
5277
5339
5282
5377
5418
5396
5399
5375
5374
5354
5377
5396
5375
5353
5352
5326
5328
5377
5329
5325
5324
5328
5268
5323
5262
5322
5263
5377
5328
5373
5330
5378
5329
5267
5268
5328
5263
5265
5264
5354
5293
5326
5297
5327
5294
4957
5035
4956
4953
4954
4959
5001
5075
5000
4996
4998
4992
4874
4776
4828
4773
4824
4775
4957
4874
4920
4873
4919
4871
4875
4779
4874
4778
4870
4777
4689
4582
4583
4581
4580
4579
5225
5256
5252
5249
5194
5226
5389
5335
5381
5343
5379
5338
5390
5389
5425
5386
5392
5388
5423
5390
5425
5392
5426
5391
5346
5389
5390
5388
5348
5345
5346
5336
5389
5342
5345
5344
4797
4781
4689
4692
4690
4783
4892
4980
4968
4966
4895
4893
4617
4720
4689
4691
4614
4616
4818
4716
4811
4718
4805
4715
4909
4818
4910
4819
4914
4817
4814
4716
4818
4715
4815
4717
4968
5007
4925
4923
4924
4965
5045
4968
4980
4966
4982
4967
5123
5045
5064
5046
5052
5047
5199
5123
5127
5120
5130
5121
5163
5088
5123
5087
5122
5089
5088
5157
5081
5082
5083
5090
5081
5157
5086
5084
5085
5082
4925
5007
5003
5002
4926
4923
5088
5163
5165
5161
5091
5089
5007
5088
5081
5083
5008
5009
5003
5007
5081
5008
5004
5002
4968
5045
5007
5010
4965
4967
5045
5123
5088
5087
5048
5047
5035
4957
5003
4955
5005
4959
5086
5035
5003
5005
5006
5036
5042
4961
5035
4960
5037
4963
4874
4779
4776
4774
4775
4778
5331
5381
5335
5343
5332
5333
4736
4845
4738
4740
4737
4742
5205
5273
5268
5260
5203
5206
5199
5163
5123
5122
5121
5162
5267
5199
5268
5196
5264
5197
5267
5230
5199
5195
5197
5231
5065
4984
5059
4986
5053
4985
5075
4997
5065
4993
5067
4999
5219
5149
5146
5144
5143
5148
4892
4968
4880
4878
4879
4895
5069
5141
5064
5063
5061
5071
5075
5069
5000
4995
4996
5073
5149
5141
5069
5071
5070
5142
5064
5045
4980
4982
4983
5046
4991
5064
4980
4983
4981
4989
5127
5123
5064
5052
5062
5120
5199
5127
5205
5128
5198
5130
4797
4880
4781
4782
4783
4796
4716
4611
4705
4610
4709
4612
4901
4991
4980
4981
4902
4900
4820
4901
4892
4894
4804
4823
4916
4991
4901
4900
4903
4908
4820
4916
4901
4903
4823
4822
4797
4820
4892
4804
4799
4798
4720
4814
4820
4813
4719
4722
4909
5001
4916
4912
4911
4918
4820
4814
4909
4812
4821
4813
5075
5149
5069
5070
5073
5072
4609
4489
4595
4490
4492
4488
4617
4609
4713
4606
4615
4608
4617
4494
4498
4495
4497
4493
4676
4582
4689
4579
4675
4584
4445
4461
4565
4463
4448
4446
4461
4337
4339
4336
4338
4341
4582
4461
4466
4462
4464
4460
4445
4337
4461
4341
4446
4340
4907
4898
4984
4899
4905
4896
5323
5268
5273
5260
5275
5262
5346
5323
5336
5287
5344
5320
5346
5373
5323
5321
5320
5334
4864
4956
4865
4863
4868
4867
4673
4676
4776
4677
4671
4669
5229
5291
5225
5227
5228
5232
5229
5293
5291
5292
5232
5233
5157
5229
5225
5228
5158
5159
5157
5165
5229
5166
5159
5160
5267
5326
5293
5297
5261
5266
5243
5176
5236
5177
5237
5178
5018
5019
5099
5025
5015
5017
5019
4931
4941
4928
4939
4930
4565
4562
4445
4447
4448
4560
4435
4546
4553
4551
4433
4436
4435
4426
4546
4429
4436
4431
5179
5243
5244
5240
5180
5181
5150
5179
5223
5182
5151
5152
5104
5170
5176
5171
5105
5103
5076
5104
5150
5106
5077
5078
5248
5186
5192
5184
5193
5185
5100
5169
5170
5172
5102
5101
5100
5021
5094
5020
5095
5024
5027
5043
5110
5038
5028
5029
4945
5027
4951
4950
4943
4942
4945
4961
5027
4964
4942
4944
4553
4546
4658
4548
4554
4551
4666
4553
4658
4554
4660
4555
4558
4544
4439
4440
4437
4543
4961
5043
5027
5029
4964
4962
4875
4957
4956
4954
4869
4872
5252
5256
5311
5258
5250
5249
5299
5248
5311
5251
5300
5253
5189
5225
5252
5194
5190
5188
5199
5205
5268
5203
5196
5198
5230
5163
5199
5162
5195
5164
5293
5230
5267
5231
5261
5234
5293
5229
5230
5235
5234
5233
4828
4920
4874
4873
4824
4827
4968
4925
4880
4877
4878
4924
5003
4957
4920
4919
4922
4955
5045
5088
5007
5009
5010
5048
5086
5113
5035
5034
5036
5079
5366
5413
5412
5404
5368
5370
5361
5366
5412
5368
5363
5364
5317
5369
5366
5371
5318
5319
5354
5369
5313
5314
5315
5355
5354
5396
5400
5397
5356
5353
5442
5413
5437
5405
5432
5406
5471
5442
5462
5441
5467
5440
5411
5412
5442
5409
5410
5408
5393
5411
5429
5407
5394
5395
5360
5361
5412
5363
5358
5359
5302
5361
5308
5301
5303
5304
5243
5299
5302
5305
5241
5242
5223
5179
5244
5180
5224
5182
5236
5169
5186
5173
5183
5174
5236
5170
5169
5172
5174
5168
5179
5176
5243
5178
5181
5175
5179
5104
5176
5105
5175
5107
5104
5099
5170
5096
5103
5097
5313
5291
5354
5295
5315
5296
5317
5313
5369
5314
5319
5316
5256
5291
5313
5296
5259
5255
5118
5043
5042
5039
5040
5044
5035
4961
4956
4958
4953
4960
5113
5042
5035
5037
5034
5041
5153
5113
5086
5079
5080
5112
5189
5192
5113
5114
5119
5187
5043
4961
5042
4963
5039
4962
5118
5186
5110
5108
5109
5115
5113
5118
5042
5040
5041
5116
5192
5186
5118
5115
5117
5184
5113
5192
5118
5117
5116
5114
5189
5252
5192
5191
5187
5190
5157
5153
5086
5080
5084
5154
5153
5225
5189
5188
5155
5156
5113
5153
5189
5155
5119
5112
5157
5225
5153
5156
5154
5158
5003
5081
5086
5085
5006
5004
5165
5230
5229
5235
5166
5167
5088
5165
5157
5160
5090
5091
5163
5230
5165
5167
5161
5164
5291
5256
5225
5226
5227
5255
5236
5299
5243
5242
5237
5238
5236
5248
5299
5253
5238
5239
5170
5236
5176
5177
5171
5168
5186
5248
5236
5239
5183
5185
5110
5186
5169
5173
5111
5108
5110
5043
5118
5044
5109
5038
5252
5311
5248
5251
5254
5250
5110
5030
5027
5033
5028
5032
5311
5256
5317
5257
5306
5258
5361
5311
5317
5306
5312
5307
5252
5248
5192
5193
5191
5254
4173
4313
4314
4309
4172
4174
4141
4173
4286
4171
4142
4140
4023
4027
4010
3883
4009
4022
4164
4023
4151
4021
4154
4024
4164
4027
4023
4022
4024
4020
4033
3898
4031
3892
4029
3899
4173
4033
4170
4032
4167
4038
4035
3898
4033
3899
4037
3897
3898
3891
4031
3889
3892
3888
4296
4304
4164
4163
4165
4298
4317
4443
4425
4430
4316
4319
4156
4044
4178
4042
4155
4039
4337
4443
4317
4319
4318
4320
4553
4558
4439
4437
4438
4552
4426
4435
4304
4302
4305
4431
5280
5211
5271
5212
5269
5213
5335
5280
5331
5272
5332
5277
5278
5211
5280
5213
5279
5214
5400
5437
5413
5405
5403
5401
5446
5433
5418
5414
5416
5434
5452
5456
5482
5458
5449
5451
5418
5423
5452
5428
5415
5417
5384
5390
5423
5391
5383
5382
5478
5473
5446
5445
5447
5475
5473
5495
5490
5486
5472
5474
5446
5473
5463
5468
5444
5445
5478
5495
5473
5474
5475
5479
5482
5483
5502
5480
5485
5484
5418
5384
5423
5383
5417
5385
5425
5455
5456
5454
5427
5424
5513
5519
5510
5514
5511
5512
5104
5179
5150
5152
5106
5107
4413
4419
4292
4291
4290
4420
4439
4424
4314
4307
4308
4423
4538
4419
4413
4420
4414
4417
4668
4755
4655
4652
4653
4661
2259
2101
2258
2100
2262
2102
2411
2259
2417
2263
2416
2257
2113
2101
2259
2102
2114
2099
2120
2113
2277
2115
2122
2112
1931
2101
2113
2099
1934
1932
1720
1721
1526
1528
1529
1718
1581
1772
1720
1716
1582
1586
2277
2278
2120
2119
2122
2276
2090
2109
2248
2107
2087
2089
2079
2081
1908
1906
1907
2077
1904
2079
1908
1907
1903
1901
2238
2245
2079
2076
2078
2236
2075
2238
2079
2078
2074
2073
1720
1900
1904
1898
1719
1717
1721
1720
1904
1719
1723
1718
1526
1581
1720
1582
1529
1525
2109
2275
2269
2273
2110
2111
2248
2109
2269
2110
2247
2107
2090
1945
2109
1940
2089
1930
1900
1945
2075
1913
1899
1897
2121
2275
2109
2111
2108
2116
2398
2546
2531
2532
2394
2392
1761
1575
1754
1574
1757
1573
3677
3806
3709
3707
3675
3679
3547
3677
3585
3580
3546
3548
3469
3547
3585
3546
3468
3461
3429
3557
3547
3545
3428
3431
3676
3812
3677
3680
3681
3682
3557
3676
3547
3549
3545
3559
3555
3557
3429
3431
3430
3554
3555
3686
3557
3558
3554
3562
3812
3806
3677
3679
3680
3807
3686
3812
3676
3682
3678
3689
3816
3955
3812
3808
3809
3817
3813
3816
3812
3809
3690
3814
3813
3958
3816
3818
3814
3815
3705
3576
3693
3579
3694
3578
4278
4409
4275
4280
4281
4276
4133
4124
4267
4120
4130
4121
4275
4133
4278
4132
4281
4131
3986
4124
4133
4121
3983
3984
4264
4118
4248
4117
4251
4122
4267
4264
4392
4263
4268
4265
4267
4118
4264
4122
4265
4123
4278
4267
4395
4269
4270
4266
4124
4118
4267
4123
4120
4119
4275
4129
4133
4126
4131
4128
4408
4275
4409
4280
4404
4279
4274
4129
4275
4128
4271
4127
4284
4274
4408
4272
4283
4273
4134
4129
4274
4127
4138
4125
4408
4274
4275
4271
4279
4272
3992
4134
4139
4136
3994
3993
3992
3988
4134
3987
3993
3990
3846
3854
3991
3853
3847
3848
3589
3714
3582
3581
3583
3588
3854
3719
3720
3723
3724
3721
3845
3988
3849
3852
3842
3843
3992
3991
3854
3853
3855
3996
3846
3714
3719
3713
3722
3712
3704
3696
3683
3685
3573
3699
3822
3826
3693
3695
3692
3824
3727
3822
3693
3692
3691
3728
3964
3967
3822
3825
3823
3966
3973
4108
3958
3957
3962
3968
4253
4115
4109
4110
4111
4114
4144
4253
4109
4111
4112
4116
4254
4388
4253
4255
4261
4256
4248
4118
4104
4102
4103
4117
4267
4278
4133
4132
4130
4266
4511
4395
4392
4391
4394
4396
4510
4511
4392
4394
4393
4513
4629
4626
4509
4516
4517
4624
4509
4400
4395
4383
4397
4401
3835
3838
3806
3706
3810
3833
3812
3686
3813
3688
3690
3689
4509
4511
4629
4512
4517
4518
4519
4509
4626
4516
4521
4508
4395
4511
4509
4518
4397
4396
4395
4267
4392
4268
4391
4269
4129
3986
4133
3983
4126
3985
3975
3978
4124
3979
3976
3981
3986
3975
4124
3976
3984
3977
4134
3988
4129
3989
4125
3987
3845
3838
3986
3839
3844
3840
3988
3845
3986
3844
3982
3843
4129
3988
3986
3982
3985
3989
3992
3854
3849
3850
3851
3855
3716
3594
3585
3587
3584
3595
3849
3716
3845
3715
3842
3718
3720
3594
3716
3595
3717
3593
3958
3813
3832
3819
3827
3815
4104
3978
3955
3954
3952
3974
4248
4104
4108
4101
4107
4103
4118
3978
4104
3974
4102
3980
3806
3812
3955
3808
3811
3807
3838
3709
3806
3707
3706
3708
3986
3838
3975
3841
3977
3839
3845
3709
3838
3708
3840
3711
3677
3547
3676
3549
3681
3548
4388
4252
4253
4260
4255
4259
5099
5076
5018
5016
5015
5026
5170
5099
5100
5098
5102
5096
5104
5076
5099
5026
5097
5078
5381
5421
5389
5387
5379
5380
5244
5308
5288
5289
5247
5245
5223
5244
5288
5247
5222
5224
5317
5256
5313
5259
5316
5257
5413
5366
5369
5371
5365
5370
5361
5299
5311
5300
5307
5309
5456
5455
5483
5453
5457
5454
5346
5390
5384
5382
5347
5348
5421
5455
5425
5424
5420
5419
5423
5425
5456
5427
5422
5426
5373
5384
5418
5385
5372
5376
5389
5336
5341
5340
5337
5342
5373
5346
5384
5347
5376
5334
5373
5328
5323
5322
5321
5330
5361
5360
5308
5310
5301
5359
5452
5482
5478
5476
5450
5449
5418
5452
5446
5448
5416
5415
5423
5456
5452
5451
5428
5422
5360
5393
5351
5349
5350
5357
5308
5360
5351
5350
5298
5310
5288
5308
5351
5298
5290
5289
5302
5299
5361
5309
5304
5305
5244
5302
5308
5303
5245
5246
5244
5243
5302
5241
5246
5240
5412
5413
5442
5406
5409
5404
5360
5412
5411
5408
5362
5358
5361
5317
5366
5318
5364
5312
5400
5413
5369
5365
5367
5403
5354
5400
5369
5367
5355
5356
5433
5463
5437
5439
5435
5436
5442
5459
5429
5430
5431
5443
5452
5478
5446
5447
5448
5450
5483
5482
5456
5458
5457
5484
5502
5501
5482
5481
5485
5500
5411
5393
5360
5357
5362
5395
5501
5502
5513
5497
5499
5500
5377
5354
5326
5327
5325
5352
5433
5396
5418
5399
5414
5398
5433
5400
5396
5397
5398
5402
5471
5462
5490
5470
5465
5467
5459
5471
5487
5464
5460
5461
5459
5442
5471
5440
5461
5443
5442
5429
5411
5407
5410
5431
