3912
3916
3910
3920
3914
3918
3913
3917
3911
3921
3915
3919
3898
3864
3892
3874
3894
3878
3899
3865
3893
3875
3895
3879
3888
3898
3910
3900
3906
3886
3889
3899
3911
3901
3907
3887
3866
3828
3864
3840
3868
3830
3867
3829
3865
3841
3869
3831
3888
3866
3898
3870
3886
3876
3889
3867
3899
3871
3887
3877
3888
3852
3866
3854
3876
3882
3889
3853
3867
3855
3877
3883
3898
3866
3864
3868
3878
3870
3899
3867
3865
3869
3879
3871
3816
3792
3778
3766
3780
3794
3817
3793
3779
3767
3781
3795
3864
3816
3818
3820
3836
3838
3865
3817
3819
3821
3837
3839
3864
3828
3816
3822
3838
3840
3865
3829
3817
3823
3839
3841
3852
3824
3866
3842
3854
3844
3853
3825
3867
3843
3855
3845
3824
3782
3800
3788
3790
3786
3825
3783
3801
3789
3791
3787
3866
3824
3828
3826
3830
3842
3867
3825
3829
3827
3831
3843
3852
3804
3824
3806
3844
3850
3853
3805
3825
3807
3845
3851
3734
3800
3782
3788
3738
3740
3735
3801
3783
3789
3739
3741
3862
3818
3812
3814
3846
3832
3863
3819
3813
3815
3847
3833
3912
3892
3896
3890
3908
3904
3913
3893
3897
3891
3909
3905
3864
3818
3862
3832
3856
3836
3865
3819
3863
3833
3857
3837
3910
3898
3912
3902
3914
3900
3911
3899
3913
3903
3915
3901
3828
3792
3816
3794
3822
3796
3829
3793
3817
3795
3823
3797
3824
3804
3782
3784
3786
3806
3825
3805
3783
3785
3787
3807
3804
3746
3782
3748
3784
3750
3805
3747
3783
3749
3785
3751
3800
3792
3828
3796
3802
3798
3801
3793
3829
3797
3803
3799
3824
3800
3828
3802
3826
3790
3825
3801
3829
3803
3827
3791
3734
3676
3742
3674
3744
3678
3735
3677
3743
3675
3745
3679
3588
3676
3652
3658
3592
3586
3589
3677
3653
3659
3593
3587
3562
3588
3652
3592
3556
3558
3563
3589
3653
3593
3557
3559
3540
3648
3588
3590
3544
3546
3541
3649
3589
3591
3545
3547
3562
3482
3588
3486
3558
3484
3563
3483
3589
3487
3559
3485
3554
3536
3648
3548
3550
3552
3555
3537
3649
3549
3551
3553
3742
3792
3800
3798
3736
3732
3743
3793
3801
3799
3737
3733
3728
3742
3676
3674
3672
3724
3729
3743
3677
3675
3673
3725
3728
3792
3742
3732
3724
3726
3729
3793
3743
3733
3725
3727
3588
3648
3676
3638
3586
3590
3589
3649
3677
3639
3587
3591
3622
3620
3704
3616
3624
3618
3623
3621
3705
3617
3625
3619
3622
3520
3620
3518
3618
3522
3623
3521
3621
3519
3619
3523
3712
3622
3704
3624
3700
3626
3713
3623
3705
3625
3701
3627
3536
3520
3622
3522
3534
3524
3537
3521
3623
3523
3535
3525
3424
3404
3520
3398
3420
3400
3425
3405
3521
3399
3421
3401
3016
2830
2838
2832
2844
2834
3017
2831
2839
2833
2845
2835
3290
3148
3160
3146
3158
3150
3291
3149
3161
3147
3159
3151
3006
2830
3016
2834
3002
2836
3007
2831
3017
2835
3003
2837
3404
3514
3520
3516
3398
3402
3405
3515
3521
3517
3399
3403
3704
3774
3712
3708
3700
3702
3705
3775
3713
3709
3701
3703
3712
3774
3778
3768
3710
3708
3713
3775
3779
3769
3711
3709
3728
3712
3778
3710
3730
3714
3729
3713
3779
3711
3731
3715
3642
3622
3712
3626
3644
3628
3643
3623
3713
3627
3645
3629
3896
3862
3860
3858
3884
3880
3897
3863
3861
3859
3885
3881
3892
3912
3898
3902
3894
3904
3893
3913
3899
3903
3895
3905
3862
3892
3864
3874
3856
3872
3863
3893
3865
3875
3857
3873
3862
3896
3892
3890
3872
3880
3863
3897
3893
3891
3873
3881
3812
3818
3774
3770
3772
3814
3813
3819
3775
3771
3773
3815
3758
3812
3774
3772
3760
3762
3759
3813
3775
3773
3761
3763
3860
3862
3812
3846
3834
3858
3861
3863
3813
3847
3835
3859
3660
3656
3734
3668
3662
3654
3661
3657
3735
3669
3663
3655
3680
3632
3718
3634
3684
3636
3681
3633
3719
3635
3685
3637
3680
3594
3632
3596
3636
3598
3681
3595
3633
3597
3637
3599
3632
3594
3526
3530
3532
3596
3633
3595
3527
3531
3533
3597
3808
3860
3812
3834
3810
3848
3809
3861
3813
3835
3811
3849
3410
3490
3370
3372
3374
3412
3411
3491
3371
3373
3375
3413
3408
3410
3284
3280
3282
3414
3409
3411
3285
3281
3283
3415
3526
3594
3490
3492
3494
3530
3527
3595
3491
3493
3495
3531
3408
3526
3410
3416
3414
3418
3409
3527
3411
3417
3415
3419
3632
3660
3718
3670
3634
3630
3633
3661
3719
3671
3635
3631
3576
3632
3526
3532
3528
3568
3577
3633
3527
3533
3529
3569
3576
3656
3632
3578
3568
3566
3577
3657
3633
3579
3569
3567
3718
3734
3782
3738
3722
3720
3719
3735
3783
3739
3723
3721
3758
3752
3808
3754
3764
3756
3759
3753
3809
3755
3765
3757
3620
3692
3704
3694
3616
3614
3621
3693
3705
3695
3617
3615
3620
3612
3692
3606
3614
3608
3621
3613
3693
3607
3615
3609
3758
3692
3752
3696
3756
3698
3759
3693
3753
3697
3757
3699
3812
3758
3808
3764
3810
3762
3813
3759
3809
3765
3811
3763
3704
3692
3758
3698
3706
3694
3705
3693
3759
3699
3707
3695
3774
3704
3758
3706
3760
3702
3775
3705
3759
3707
3761
3703
3792
3728
3778
3730
3766
3726
3793
3729
3779
3731
3767
3727
3712
3728
3642
3640
3644
3714
3713
3729
3643
3641
3645
3715
3818
3778
3774
3768
3770
3776
3819
3779
3775
3769
3771
3777
3818
3816
3778
3780
3776
3820
3819
3817
3779
3781
3777
3821
3536
3554
3432
3440
3442
3552
3537
3555
3433
3441
3443
3553
3520
3536
3424
3426
3420
3524
3521
3537
3425
3427
3421
3525
3642
3648
3536
3548
3542
3646
3643
3649
3537
3549
3543
3647
3284
3410
3370
3374
3278
3280
3285
3411
3371
3375
3279
3281
3692
3686
3752
3688
3696
3690
3693
3687
3753
3689
3697
3691
3642
3536
3622
3534
3628
3542
3643
3537
3623
3535
3629
3543
3612
3508
3602
3502
3600
3504
3613
3509
3603
3503
3601
3505
3520
3514
3620
3510
3518
3516
3521
3515
3621
3511
3519
3517
3404
3390
3514
3392
3402
3394
3405
3391
3515
3393
3403
3395
1628
1874
1656
1630
1622
1626
1629
1875
1657
1631
1623
1627
1616
1864
1628
1624
1614
1618
1617
1865
1629
1625
1615
1619
1346
1586
1324
1318
1320
1344
1347
1587
1325
1319
1321
1345
2076
1846
2070
1852
2060
1848
2077
1847
2071
1853
2061
1849
1858
1616
1606
1608
1610
1620
1859
1617
1607
1609
1611
1621
2064
1826
2052
1824
2056
1828
2065
1827
2053
1825
2057
1829
2276
2070
2278
2072
2284
2074
2277
2071
2279
2073
2285
2075
2276
2076
2070
2060
2074
2084
2277
2077
2071
2061
2075
2085
2316
2324
2112
2108
2106
2312
2317
2325
2113
2109
2107
2313
1602
1334
1592
1336
1594
1338
1603
1335
1593
1337
1595
1339
1840
1602
1592
1594
1596
1600
1841
1603
1593
1595
1597
1601
1586
1346
1602
1340
1582
1344
1587
1347
1603
1341
1583
1345
1602
1346
1334
1342
1338
1340
1603
1347
1335
1343
1339
1341
1606
1586
1838
1588
1604
1584
1607
1587
1839
1589
1605
1585
1350
1324
1586
1318
1348
1322
1351
1325
1587
1319
1349
1323
1606
1350
1586
1348
1584
1352
1607
1351
1587
1349
1585
1353
1858
1606
1846
1612
1850
1610
1859
1607
1847
1613
1851
1611
1616
1358
1606
1360
1608
1362
1617
1359
1607
1361
1609
1363
1358
1074
1350
1076
1354
1072
1359
1075
1351
1077
1355
1073
1324
1066
1346
1064
1320
1068
1325
1067
1347
1065
1321
1069
2294
2076
2276
2084
2078
2080
2295
2077
2277
2085
2079
2081
2088
1864
1858
1854
1856
1866
2089
1865
1859
1855
1857
1867
3582
3562
3652
3556
3580
3560
3583
3563
3653
3557
3581
3561
3656
3582
3652
3580
3666
3584
3657
3583
3653
3581
3667
3585
3564
3460
3464
3456
3462
3458
3565
3461
3465
3457
3463
3459
2896
3068
2894
2890
2898
2892
2897
3069
2895
2891
2899
2893
2664
2676
2480
2482
2484
2668
2665
2677
2481
2483
2485
2669
2368
2556
2472
2476
2366
2362
2369
2557
2473
2477
2367
2363
2736
2912
2908
2920
2740
2738
2737
2913
2909
2921
2741
2739
2556
2736
2664
2670
2554
2550
2557
2737
2665
2671
2555
2551
2734
2912
2736
2738
2728
2730
2735
2913
2737
2739
2729
2731
3316
3290
3368
3294
3318
3232
3317
3291
3369
3295
3319
3233
3086
3180
3230
3182
3084
3078
3087
3181
3231
3183
3085
3079
3148
3290
3180
3184
3152
3150
3149
3291
3181
3185
3153
3151
3332
3460
3330
3324
3328
3342
3333
3461
3331
3325
3329
3343
3408
3472
3526
3470
3418
3406
3409
3473
3527
3471
3419
3407
3068
2982
2894
2886
2890
2972
3069
2983
2895
2887
2891
2973
3192
3068
3038
3036
3040
3072
3193
3069
3039
3037
3041
3073
3130
3142
2982
2984
2986
3132
3131
3143
2983
2985
2987
3133
3222
3130
3068
3070
3066
3134
3223
3131
3069
3071
3067
3135
3222
3272
3130
3136
3134
3218
3223
3273
3131
3137
3135
3219
3038
3068
2896
2892
2888
3036
3039
3069
2897
2893
2889
3037
2522
2716
2698
2702
2514
2526
2523
2717
2699
2703
2515
2527
2518
2316
2510
2310
2508
2314
2519
2317
2511
2311
2509
2315
3676
3734
3652
3664
3658
3678
3677
3735
3653
3665
3659
3679
3526
3490
3410
3412
3416
3494
3527
3491
3411
3413
3417
3495
3370
3234
3284
3236
3278
3238
3371
3235
3285
3237
3279
3239
3388
3380
3496
3376
3382
3378
3389
3381
3497
3377
3383
3379
3602
3508
3496
3498
3500
3502
3603
3509
3497
3499
3501
3503
3312
3174
3310
3176
3314
3172
3313
3175
3311
3177
3315
3173
3390
3404
3262
3266
3268
3394
3391
3405
3263
3267
3269
3395
3388
3390
3258
3254
3256
3384
3389
3391
3259
3255
3257
3385
3508
3514
3390
3392
3396
3506
3509
3515
3391
3393
3397
3507
3496
3508
3388
3386
3382
3498
3497
3509
3389
3387
3383
3499
3602
3686
3612
3610
3600
3604
3603
3687
3613
3611
3601
3605
3482
3554
3540
3538
3488
3434
3483
3555
3541
3539
3489
3435
3444
3482
3562
3484
3448
3450
3445
3483
3563
3485
3449
3451
3476
3564
3464
3462
3452
3478
3477
3565
3465
3463
3453
3479
3008
3160
3004
2990
2992
2994
3009
3161
3005
2991
2993
2995
3482
3444
3368
3364
3366
3450
3483
3445
3369
3365
3367
3451
3008
3004
2824
2810
2812
2992
3009
3005
2825
2811
2813
2993
3006
3008
2826
2814
2816
2996
3007
3009
2827
2815
2817
2997
2830
3006
2826
2816
2808
2836
2831
3007
2827
2817
2809
2837
3016
3170
3160
3154
3010
3012
3017
3171
3161
3155
3011
3013
3006
3160
3008
2994
2996
2998
3007
3161
3009
2995
2997
2999
3368
3430
3482
3436
3366
3362
3369
3431
3483
3437
3367
3363
3482
3430
3554
3438
3434
3436
3483
3431
3555
3439
3435
3437
3018
3122
3174
3124
3024
3020
3019
3123
3175
3125
3025
3021
2838
3018
3016
3014
2844
2840
2839
3019
3017
3015
2845
2841
2838
2964
3018
2968
2840
2842
2839
2965
3019
2969
2841
2843
3018
2964
3122
2970
3020
2968
3019
2965
3123
2971
3021
2969
3424
3536
3432
3442
3422
3426
3425
3537
3433
3443
3423
3427
3734
3656
3652
3666
3664
3668
3735
3657
3653
3667
3665
3669
3742
3800
3734
3740
3744
3736
3743
3801
3735
3741
3745
3737
3718
3746
3680
3682
3684
3716
3719
3747
3681
3683
3685
3717
3734
3718
3660
3670
3662
3720
3735
3719
3661
3671
3663
3721
3782
3746
3718
3716
3722
3748
3783
3747
3719
3717
3723
3749
3472
3576
3526
3528
3470
3466
3473
3577
3527
3529
3471
3467
3130
3272
3142
3140
3132
3136
3131
3273
3143
3141
3133
3137
2982
3068
3130
3070
2986
2972
2983
3069
3131
3071
2987
2973
3192
3330
3222
3220
3188
3190
3193
3331
3223
3221
3189
3191
3564
3576
3472
3466
3468
3570
3565
3577
3473
3467
3469
3571
3160
3148
3004
3000
2990
3146
3161
3149
3005
3001
2991
3147
3016
3160
3006
2998
3002
3010
3017
3161
3007
2999
3003
3011
3170
3312
3292
3288
3166
3168
3171
3313
3293
3289
3167
3169
3582
3656
3564
3574
3572
3584
3583
3657
3565
3575
3573
3585
2982
3142
2974
2976
2978
2984
2983
3143
2975
2977
2979
2985
3612
3620
3514
3510
3512
3608
3613
3621
3515
3511
3513
3609
3508
3612
3514
3512
3506
3504
3509
3613
3515
3513
3507
3505
3686
3692
3612
3606
3610
3690
3687
3693
3613
3607
3611
3691
1450
1174
1176
1178
1180
1182
1451
1175
1177
1179
1181
1183
1378
1450
1176
1180
1184
1268
1379
1451
1177
1181
1185
1269
1384
1636
1378
1372
1380
1376
1385
1637
1379
1373
1381
1377
1526
1702
1450
1452
1454
1528
1527
1703
1451
1453
1455
1529
1384
1116
1396
1106
1374
1108
1385
1117
1397
1107
1375
1109
1388
1408
1646
1404
1386
1392
1389
1409
1647
1405
1387
1393
1102
1388
1118
1110
1098
1100
1103
1389
1119
1111
1099
1101
1132
1120
1408
1122
1128
1130
1133
1121
1409
1123
1129
1131
1102
1132
1388
1124
1100
1104
1103
1133
1389
1125
1101
1105
1102
846
1132
852
1104
850
1103
847
1133
853
1105
851
2112
2318
2116
2114
2102
2110
2113
2319
2117
2115
2103
2111
1396
1116
1118
1112
1114
1106
1397
1117
1119
1113
1115
1107
1886
1650
1646
1648
1652
1644
1887
1651
1647
1649
1653
1645
1874
2112
1880
1894
1876
1870
1875
2113
1881
1895
1877
1871
2016
2004
1788
1782
1784
2002
2017
2005
1789
1783
1785
2003
1884
2016
1788
1784
1786
1888
1885
2017
1789
1785
1787
1889
1636
1884
1788
1786
1632
1638
1637
1885
1789
1787
1633
1639
1886
2116
1884
1892
1878
1890
1887
2117
1885
1893
1879
1891
2222
2210
2016
2010
2012
2208
2223
2211
2017
2011
2013
2209
1384
1092
1116
1094
1108
1090
1385
1093
1117
1095
1109
1091
1650
1884
1636
1638
1634
1642
1651
1885
1637
1639
1635
1643
1636
1526
1378
1382
1372
1530
1637
1527
1379
1383
1373
1531
2116
2222
2016
2012
2014
2104
2117
2223
2017
2013
2015
2105
1880
2112
2116
2102
1882
1894
1881
2113
2117
2103
1883
1895
1656
1880
1886
1896
1654
1658
1657
1881
1887
1897
1655
1659
1656
1874
1880
1876
1658
1630
1657
1875
1881
1877
1659
1631
2318
2322
2116
2118
2114
2334
2319
2323
2117
2119
2115
2335
2112
2324
2318
2330
2110
2108
2113
2325
2319
2331
2111
2109
1886
1880
2116
1882
1890
1896
1887
1881
2117
1883
1891
1897
1874
2094
2112
2096
1870
1872
1875
2095
2113
2097
1871
1873
2324
2518
2522
2520
2332
2336
2325
2519
2523
2521
2333
2337
1942
1702
1774
1704
1776
1706
1943
1703
1775
1705
1777
1707
1132
1408
1388
1392
1124
1128
1133
1409
1389
1393
1125
1129
848
1132
846
852
856
858
849
1133
847
853
857
859
2422
2222
2430
2216
2416
2218
2423
2223
2431
2217
2417
2219
2004
2210
2152
2154
2006
2008
2005
2211
2153
2155
2007
2009
2004
2016
2210
2010
2008
2002
2005
2017
2211
2011
2009
2003
1774
2004
1942
1944
1776
1778
1775
2005
1943
1945
1777
1779
1774
1788
2004
1782
1778
1780
1775
1789
2005
1783
1779
1781
632
640
586
462
588
634
633
641
587
463
589
635
1034
836
796
798
800
834
1035
837
797
799
801
835
1086
1120
848
854
844
1084
1087
1121
849
855
845
1085
1526
1774
1702
1704
1528
1532
1527
1775
1703
1705
1529
1533
1378
1526
1450
1454
1268
1382
1379
1527
1451
1455
1269
1383
1092
1378
1176
1184
1088
1096
1093
1379
1177
1185
1089
1097
1092
1384
1378
1380
1096
1090
1093
1385
1379
1381
1097
1091
1636
1774
1526
1532
1530
1534
1637
1775
1527
1533
1531
1535
1636
1788
1774
1780
1534
1632
1637
1789
1775
1781
1535
1633
1396
1636
1384
1376
1374
1400
1397
1637
1385
1377
1375
1401
1650
1886
1884
1878
1642
1644
1651
1887
1885
1879
1643
1645
1396
1650
1636
1634
1400
1398
1397
1651
1637
1635
1401
1399
1646
1408
1656
1406
1640
1404
1647
1409
1657
1407
1641
1405
1396
1646
1650
1648
1398
1394
1397
1647
1651
1649
1399
1395
1396
1388
1646
1386
1394
1390
1397
1389
1647
1387
1395
1391
1884
2116
2016
2014
1888
1892
1885
2117
2017
2015
1889
1893
2522
2620
2430
2424
2426
2504
2523
2621
2431
2425
2427
2505
2152
1942
2004
1944
2006
1946
2153
1943
2005
1945
2007
1947
1086
848
836
838
840
844
1087
849
837
839
841
845
1616
1370
1358
1356
1362
1364
1617
1371
1359
1357
1363
1365
848
846
640
642
644
856
849
847
641
643
645
857
836
848
632
636
638
838
837
849
633
637
639
839
1120
1132
848
858
854
1130
1121
1133
849
859
855
1131
2210
2370
2152
2156
2154
2212
2211
2371
2153
2157
2155
2213
796
632
586
588
590
630
797
633
587
589
591
631
2422
2430
2610
2428
2418
2416
2423
2431
2611
2429
2419
2417
2210
2422
2370
2372
2212
2214
2211
2423
2371
2373
2213
2215
2210
2222
2422
2218
2214
2208
2211
2223
2423
2219
2215
2209
796
610
814
612
794
600
797
611
815
613
795
601
836
632
796
630
798
638
837
633
797
631
799
639
1074
836
1034
834
1040
842
1075
837
1035
835
1041
843
1074
1086
836
840
842
1078
1075
1087
837
841
843
1079
586
610
796
600
590
584
587
611
797
601
591
585
2322
2430
2222
2216
2220
2326
2323
2431
2223
2217
2221
2327
2324
2522
2318
2320
2330
2332
2325
2523
2319
2321
2331
2333
2698
2620
2522
2504
2514
2608
2699
2621
2523
2505
2515
2609
2894
2800
2698
2700
2696
2802
2895
2801
2699
2701
2697
2803
2322
2222
2116
2104
2118
2220
2323
2223
2117
2105
2119
2221
2522
2322
2318
2334
2320
2328
2523
2323
2319
2335
2321
2329
2522
2430
2322
2326
2328
2426
2523
2431
2323
2327
2329
2427
2610
2430
2620
2424
2612
2428
2611
2431
2621
2425
2613
2429
2558
2370
2422
2372
2420
2374
2559
2371
2423
2373
2421
2375
608
814
610
612
602
604
609
815
611
613
603
605
2610
2620
2800
2614
2616
2612
2611
2621
2801
2615
2617
2613
2558
2610
2742
2618
2560
2562
2559
2611
2743
2619
2561
2563
2558
2422
2610
2418
2562
2420
2559
2423
2611
2419
2563
2421
2094
2316
2112
2106
2096
2100
2095
2317
2113
2107
2097
2101
1864
2094
1874
1872
1868
1862
1865
2095
1875
1873
1869
1863
2268
2278
2064
2066
2068
2270
2269
2279
2065
2067
2069
2271
2974
3142
3088
3092
2980
2976
2975
3143
3089
3093
2981
2977
320
452
314
318
312
322
321
453
315
319
313
323
632
848
640
644
634
636
633
849
641
645
635
637
1370
1628
1408
1402
1366
1368
1371
1629
1409
1403
1367
1369
1086
1370
1120
1126
1084
1082
1087
1371
1121
1127
1085
1083
1616
1628
1370
1368
1364
1614
1617
1629
1371
1369
1365
1615
1388
1396
1118
1114
1110
1390
1389
1397
1119
1115
1111
1391
1370
1408
1120
1122
1126
1366
1371
1409
1121
1123
1127
1367
1656
1886
1646
1652
1640
1654
1657
1887
1647
1653
1641
1655
618
592
452
448
450
582
619
593
453
449
451
583
2518
2324
2316
2312
2314
2336
2519
2325
2317
2313
2315
2337
2872
2684
2676
2674
2678
2686
2873
2685
2677
2675
2679
2687
3044
2872
2862
2856
2858
2878
3045
2873
2863
2857
2859
2879
2876
2684
2872
2686
2874
2682
2877
2685
2873
2687
2875
2683
3044
3060
2872
2880
2878
3046
3045
3061
2873
2881
2879
3047
2736
2908
2862
2860
2726
2740
2737
2909
2863
2861
2727
2741
3082
3212
3196
3200
3064
3076
3083
3213
3197
3201
3065
3077
3054
2864
2876
2870
2882
2868
3055
2865
2877
2871
2883
2869
2734
2904
2912
2916
2730
2732
2735
2905
2913
2917
2731
2733
2528
2724
2542
2544
2534
2532
2529
2725
2543
2545
2535
2533
2528
2644
2724
2622
2532
2530
2529
2645
2725
2623
2533
2531
3032
2848
3004
2850
2988
2846
3033
2849
3005
2851
2989
2847
2912
2904
3086
2918
2914
2916
2913
2905
3087
2919
2915
2917
3230
3082
3086
3080
3084
3074
3231
3083
3087
3081
3085
3075
2548
2368
2348
2360
2358
2364
2549
2369
2349
2361
2359
2365
2542
2734
2548
2540
2536
2546
2543
2735
2549
2541
2537
2547
2556
2368
2548
2364
2538
2362
2557
2369
2549
2365
2539
2363
2548
2734
2556
2552
2538
2540
2549
2735
2557
2553
2539
2541
2664
2472
2556
2476
2554
2474
2665
2473
2557
2477
2555
2475
2848
2824
3004
2810
2850
2806
2849
2825
3005
2811
2851
2807
2724
2848
2904
2852
2722
2720
2725
2849
2905
2853
2723
2721
2724
2824
2848
2806
2720
2662
2725
2825
2849
2807
2721
2663
3032
2904
2848
2852
2846
2902
3033
2905
2849
2853
2847
2903
2268
2064
2052
2056
2054
2068
2269
2065
2053
2057
2055
2069
2286
2276
2480
2280
2288
2282
2287
2277
2481
2281
2289
2283
2286
2294
2276
2078
2282
2290
2287
2295
2277
2079
2283
2291
2676
2490
2480
2486
2482
2492
2677
2491
2481
2487
2483
2493
3054
3192
3038
3040
3034
3052
3055
3193
3039
3041
3035
3053
2688
2876
2864
2870
2692
2690
2689
2877
2865
2871
2693
2691
3212
3230
3338
3224
3214
3208
3213
3231
3339
3225
3215
3209
3060
2876
2872
2874
2880
2884
3061
2877
2873
2875
2881
2885
3196
3060
3044
3046
3042
3062
3197
3061
3045
3047
3043
3063
3082
3196
3044
3042
3048
3064
3083
3197
3045
3043
3049
3065
3212
3332
3196
3194
3200
3210
3213
3333
3197
3195
3201
3211
3054
2876
3060
2884
3056
2882
3055
2877
3061
2885
3057
2883
2908
2912
3086
2914
2906
2920
2909
2913
3087
2915
2907
2921
3044
2908
3082
2910
3048
2900
3045
2909
3083
2911
3049
2901
3044
2862
2908
2860
2900
2858
3045
2863
2909
2861
2901
2859
2502
2304
2294
2296
2300
2306
2503
2305
2295
2297
2301
2307
2706
2510
2688
2506
2672
2512
2707
2511
2689
2507
2673
2513
2706
2518
2510
2508
2512
2524
2707
2519
2511
2509
2513
2525
2716
2706
2896
2710
2712
2708
2717
2707
2897
2711
2713
2709
2490
2294
2286
2290
2292
2298
2491
2295
2287
2291
2293
2299
2688
2502
2684
2498
2694
2500
2689
2503
2685
2499
2695
2501
2510
2304
2502
2306
2496
2302
2511
2305
2503
2307
2497
2303
2490
2502
2294
2300
2298
2494
2491
2503
2295
2301
2299
2495
2094
2304
2316
2308
2100
2098
2095
2305
2317
2309
2101
2099
2094
1864
2088
1866
2090
1862
2095
1865
2089
1867
2091
1863
1858
1864
1616
1618
1620
1854
1859
1865
1617
1619
1621
1855
1358
1350
1606
1352
1360
1354
1359
1351
1607
1353
1361
1355
2076
2088
1858
1856
1860
2082
2077
2089
1859
1857
1861
2083
2304
2088
2294
2086
2296
2092
2305
2089
2295
2087
2297
2093
2304
2094
2088
2090
2092
2098
2305
2095
2089
2091
2093
2099
2724
2734
2542
2546
2544
2718
2725
2735
2543
2547
2545
2719
2278
2268
2472
2264
2272
2270
2279
2269
2473
2265
2273
2271
2542
2548
2354
2352
2350
2536
2543
2549
2355
2353
2351
2537
2268
2368
2472
2366
2264
2266
2269
2369
2473
2367
2265
2267
2148
2348
2368
2360
2150
2146
2149
2349
2369
2361
2151
2147
2716
2522
2518
2520
2516
2526
2717
2523
2519
2521
2517
2527
2894
2698
2716
2702
2714
2696
2895
2699
2717
2703
2715
2697
2518
2706
2716
2708
2516
2524
2519
2707
2717
2709
2517
2525
2982
2800
2894
2802
2886
2804
2983
2801
2895
2803
2887
2805
2922
2974
3088
2980
2924
2926
2923
2975
3089
2981
2925
2927
2922
2742
2800
2744
2796
2746
2923
2743
2801
2745
2797
2747
2800
2742
2610
2618
2616
2744
2801
2743
2611
2619
2617
2745
2698
2800
2620
2614
2608
2700
2699
2801
2621
2615
2609
2701
2974
2922
2800
2796
2798
2926
2975
2923
2801
2797
2799
2927
6
0
24
4
8
2
7
1
25
5
9
3
82
112
64
66
52
68
83
113
65
67
53
69
64
112
50
58
62
66
65
113
51
59
63
67
36
64
24
28
22
32
37
65
25
29
23
33
82
116
112
108
68
78
83
117
113
109
69
79
36
82
64
52
32
30
37
83
65
53
33
31
36
74
82
76
30
34
37
75
83
77
31
35
24
64
50
62
26
28
25
65
51
63
27
29
82
74
130
72
80
76
83
75
131
73
81
77
50
18
6
10
12
20
51
19
7
11
13
21
24
50
6
12
8
26
25
51
7
13
9
27
54
98
38
40
42
46
55
99
39
41
43
47
112
54
50
48
58
60
113
55
51
49
59
61
112
158
106
96
92
114
113
159
107
97
93
115
180
250
158
160
154
178
181
251
159
161
155
179
188
180
116
120
118
182
189
181
117
121
119
183
276
250
180
178
184
260
277
251
181
179
185
261
188
276
180
184
182
190
189
277
181
185
183
191
82
130
116
122
78
80
83
131
117
123
79
81
196
268
278
286
198
194
197
269
279
287
199
195
188
196
278
198
192
186
189
197
279
199
193
187
128
170
196
172
132
134
129
171
197
173
133
135
1818
1574
1570
1566
1568
1576
1819
1575
1571
1567
1569
1577
492
674
570
558
488
490
493
675
571
559
489
491
504
690
674
676
506
510
505
691
675
677
507
511
374
504
492
494
370
372
375
505
493
495
371
373
386
524
504
508
392
388
387
525
505
509
393
389
54
18
50
20
48
16
55
19
51
21
49
17
268
196
170
172
174
194
269
197
171
173
175
195
180
112
116
108
120
110
181
113
117
109
121
111
180
158
112
114
110
154
181
159
113
115
111
155
374
250
276
260
266
262
375
251
277
261
267
263
374
258
250
256
262
254
375
259
251
257
263
255
258
168
158
162
164
156
259
169
159
163
165
157
130
128
196
132
136
124
131
129
197
133
137
125
116
130
188
126
118
122
117
131
189
127
119
123
74
128
130
124
72
70
75
129
131
125
73
71
360
268
240
238
236
264
361
269
241
239
237
265
430
352
492
354
422
356
431
353
493
355
423
357
576
430
570
432
568
434
577
431
571
433
569
435
424
306
430
308
436
310
425
307
431
309
437
311
168
258
222
220
166
156
169
259
223
221
167
157
146
168
222
166
148
150
147
169
223
167
149
151
98
106
168
100
102
94
99
107
169
101
103
95
84
98
146
104
86
88
85
99
147
105
87
89
38
18
54
16
42
14
39
19
55
17
43
15
374
492
352
354
358
370
375
493
353
355
359
371
158
250
258
256
164
160
159
251
259
257
165
161
504
524
690
520
510
508
505
525
691
521
511
509
276
386
374
368
266
274
277
387
375
369
267
275
276
396
386
390
274
270
277
397
387
391
275
271
240
242
360
246
236
248
241
243
361
247
237
249
382
268
360
264
364
280
383
269
361
265
365
281
386
396
524
384
388
390
387
397
525
385
389
391
196
188
130
126
136
186
197
189
131
127
137
187
396
278
268
286
282
272
397
279
269
287
283
273
396
276
278
284
272
270
397
277
279
285
273
271
382
360
500
366
376
364
383
361
501
367
377
365
682
518
500
498
496
512
683
519
501
499
497
513
396
268
382
280
378
282
397
269
383
281
379
283
276
188
278
192
284
190
277
189
279
193
285
191
170
240
268
238
174
176
171
241
269
239
175
177
382
518
396
394
378
380
383
519
397
395
379
381
468
346
334
328
330
344
469
347
335
329
331
345
342
478
468
464
336
338
343
479
469
465
337
339
320
314
226
228
230
312
321
315
227
229
231
313
200
288
226
224
202
204
201
289
227
225
203
205
1840
2070
1838
1842
1844
1832
1841
2071
1839
1843
1845
1833
592
440
452
438
448
442
593
441
453
439
449
443
786
592
618
582
620
598
787
593
619
583
621
599
826
818
1054
820
828
822
827
819
1055
821
829
823
460
616
618
622
456
458
461
617
619
623
457
459
460
564
616
560
458
446
461
565
617
561
459
447
1032
810
786
788
790
804
1033
811
787
789
791
805
810
608
592
594
596
606
811
609
593
595
597
607
770
570
674
558
670
572
771
571
675
559
671
573
770
1004
1012
1010
764
766
771
1005
1013
1011
765
767
570
770
774
768
574
572
571
771
775
769
575
573
884
1004
770
766
762
882
885
1005
771
767
763
883
1592
1332
1574
1326
1578
1328
1593
1333
1575
1327
1579
1329
1332
1334
1054
1060
1058
1330
1333
1335
1055
1061
1059
1331
1316
1332
1048
1052
1050
1310
1317
1333
1049
1053
1051
1311
1592
1334
1332
1330
1328
1336
1593
1335
1333
1331
1329
1337
1054
1048
1332
1052
1058
1046
1055
1049
1333
1053
1059
1047
1032
826
1066
832
1030
830
1033
827
1067
833
1031
831
826
618
616
622
624
626
827
619
617
623
625
627
1004
1152
1170
1156
1006
904
1005
1153
1171
1157
1007
905
674
884
770
762
670
672
675
885
771
763
671
673
674
690
884
698
672
676
675
691
885
699
673
677
1054
1334
1066
1062
1056
1060
1055
1335
1067
1063
1057
1061
1024
772
774
776
778
780
1025
773
775
777
779
781
564
424
576
426
566
428
565
425
577
427
567
429
288
420
320
324
290
292
289
421
321
325
291
293
424
430
576
434
426
436
425
431
577
435
427
437
296
208
222
210
216
212
297
209
223
211
217
213
564
420
424
414
428
416
565
421
425
415
429
417
288
208
296
212
294
214
289
209
297
213
295
215
226
288
320
290
230
224
227
289
321
291
231
225
200
208
288
214
204
206
201
209
289
215
205
207
1316
1570
1574
1566
1312
1314
1317
1571
1575
1567
1313
1315
1024
1316
1048
1050
1014
1016
1025
1317
1049
1051
1015
1017
1308
1570
1316
1314
1304
1306
1309
1571
1317
1315
1305
1307
2268
2052
2148
2058
2144
2054
2269
2053
2149
2059
2145
2055
2368
2268
2148
2144
2150
2266
2369
2269
2149
2145
2151
2267
2472
2480
2278
2274
2272
2478
2473
2481
2279
2275
2273
2479
1012
1308
1316
1304
1018
1020
1013
1309
1317
1305
1019
1021
774
1012
1024
1022
778
782
775
1013
1025
1023
779
783
1004
1308
1012
1020
1010
1008
1005
1309
1013
1021
1011
1009
1826
1574
1818
1576
1816
1580
1827
1575
1819
1577
1817
1581
1826
1592
1574
1578
1580
1590
1827
1593
1575
1579
1581
1591
146
138
84
90
86
140
147
139
85
91
87
141
424
296
306
298
310
300
425
297
307
299
311
301
200
138
208
142
206
144
201
139
209
143
207
145
890
694
682
684
678
688
891
695
683
685
679
689
666
880
682
680
668
662
667
881
683
681
669
663
1914
1796
2030
1792
1904
1794
1915
1797
2031
1793
1905
1795
146
208
138
142
140
152
147
209
139
143
141
153
38
98
84
88
44
40
39
99
85
89
45
41
222
306
296
298
216
218
223
307
297
299
217
219
98
168
146
150
104
102
99
169
147
151
105
103
258
306
222
218
220
234
259
307
223
219
221
235
352
306
258
234
252
304
353
307
259
235
253
305
374
352
258
252
254
358
375
353
259
253
255
359
492
570
430
432
422
488
493
571
431
433
423
489
420
564
460
446
418
416
421
565
461
447
419
417
296
420
288
292
294
302
297
421
289
293
295
303
296
424
420
414
302
300
297
425
421
415
303
301
658
654
478
474
476
660
659
655
479
475
477
661
1912
1928
1918
1922
1692
1910
1913
1929
1919
1923
1693
1911
1276
1412
1136
1134
1138
1270
1277
1413
1137
1135
1139
1271
1278
1290
1544
1286
1272
1274
1279
1291
1545
1287
1273
1275
1162
1146
1422
1144
1158
1148
1163
1147
1423
1145
1159
1149
1162
890
1146
894
1148
902
1163
891
1147
895
1149
903
1002
1300
1290
1288
996
998
1003
1301
1291
1289
997
999
1222
1266
1492
1232
1216
1218
1223
1267
1493
1233
1217
1219
1492
1266
1506
1264
1486
1232
1493
1267
1507
1265
1487
1233
1564
1492
1742
1488
1524
1490
1565
1493
1743
1489
1525
1491
1564
1300
1492
1294
1490
1296
1565
1301
1493
1295
1491
1297
1564
1560
1300
1298
1296
1552
1565
1561
1301
1299
1297
1553
1222
1492
1300
1294
1220
1216
1223
1493
1301
1295
1221
1217
1770
1810
1564
1554
1556
1766
1771
1811
1565
1555
1557
1767
2188
2202
1998
2000
1994
2186
2189
2203
1999
2001
1995
2187
1810
1560
1564
1552
1554
1558
1811
1561
1565
1553
1555
1559
1436
1670
1686
1672
1440
1438
1437
1671
1687
1673
1441
1439
1444
1436
1686
1440
1442
1434
1445
1437
1687
1441
1443
1435
1170
1424
1436
1430
1172
1164
1171
1425
1437
1431
1173
1165
1770
1742
1976
1736
1768
1738
1771
1743
1977
1737
1769
1739
682
500
666
502
668
496
683
501
667
503
669
497
106
98
54
46
56
94
107
99
55
47
57
95
112
106
54
56
60
92
113
107
55
57
61
93
158
168
106
100
96
162
159
169
107
101
97
163
468
484
346
348
344
466
469
485
347
349
345
467
1762
1990
1976
1972
1752
1754
1763
1991
1977
1973
1753
1755
1506
1762
1742
1740
1502
1504
1507
1763
1743
1741
1503
1505
1764
1990
1762
1754
1756
1758
1765
1991
1763
1755
1757
1759
1846
2076
1858
1860
1850
1848
1847
2077
1859
1861
1851
1849
1586
1602
1838
1598
1588
1582
1587
1603
1839
1599
1589
1583
1826
1840
1592
1596
1590
1830
1827
1841
1593
1597
1591
1831
1826
2064
1840
1836
1830
1828
1827
2065
1841
1837
1831
1829
2064
2278
2070
2072
2062
2066
2065
2279
2071
2073
2063
2067
2480
2276
2278
2284
2274
2280
2481
2277
2279
2285
2275
2281
2294
2088
2076
2082
2080
2086
2295
2089
2077
2083
2081
2087
772
576
774
578
776
580
773
577
775
579
777
581
818
772
1024
780
816
784
819
773
1025
781
817
785
818
616
772
614
784
628
819
617
773
615
785
629
576
570
774
574
578
568
577
571
775
575
579
569
1660
1678
1908
1680
1662
1666
1661
1679
1909
1681
1663
1667
1670
1660
1908
1662
1668
1664
1671
1661
1909
1663
1669
1665
1422
1412
1660
1420
1410
1414
1423
1413
1661
1421
1411
1415
1660
1536
1678
1538
1666
1432
1661
1537
1679
1539
1667
1433
1136
1412
1146
1142
1140
1134
1137
1413
1147
1143
1141
1135
880
1136
1146
1140
876
874
881
1137
1147
1141
877
875
992
986
1278
980
988
982
993
987
1279
981
989
983
1278
986
1002
984
994
980
1279
987
1003
985
995
981
1290
1278
1002
994
996
1274
1291
1279
1003
995
997
1275
992
868
986
758
982
860
993
869
987
759
983
861
1276
992
1278
988
1280
990
1277
993
1279
989
1281
991
1276
1136
992
978
990
1138
1277
1137
993
979
991
1139
1412
1276
1536
1282
1416
1270
1413
1277
1537
1283
1417
1271
1136
868
992
860
978
862
1137
869
993
861
979
863
1544
1560
1804
1562
1546
1550
1545
1561
1805
1563
1547
1551
1276
1278
1544
1272
1284
1280
1277
1279
1545
1273
1285
1281
928
1002
986
984
760
922
929
1003
987
985
761
923
928
1222
1002
1000
922
924
929
1223
1003
1001
923
925
1544
1804
1796
1790
1548
1546
1545
1805
1797
1791
1549
1547
1628
1656
1408
1406
1402
1622
1629
1657
1409
1407
1403
1623
1086
1358
1370
1356
1082
1080
1087
1359
1371
1357
1083
1081
1864
1874
1628
1626
1624
1868
1865
1875
1629
1627
1625
1869
478
402
552
398
472
400
479
403
553
399
473
401
468
478
654
474
470
464
469
479
655
475
471
465
484
468
654
470
482
466
485
469
655
471
483
467
334
342
468
336
330
332
335
343
469
337
331
333
342
402
478
400
338
340
343
403
479
401
339
341
1508
1240
1258
1234
1256
1236
1509
1241
1259
1235
1257
1237
2188
1976
1990
1972
1988
1974
2189
1977
1991
1973
1989
1975
1742
1770
1564
1556
1524
1738
1743
1771
1565
1557
1525
1739
1222
928
976
926
970
924
1223
929
977
927
971
925
1240
1266
976
972
974
1238
1241
1267
977
973
975
1239
1810
2036
1804
1800
1802
1808
1811
2037
1805
1801
1803
1809
1998
2202
2048
2044
1996
2000
1999
2203
2049
2045
1997
2001
2626
2638
2828
2640
2642
2636
2627
2639
2829
2641
2643
2637
752
868
658
648
646
744
753
869
659
649
647
745
754
752
552
544
546
746
755
753
553
545
547
747
754
986
752
748
746
750
755
987
753
749
747
751
484
654
666
650
486
482
485
655
667
651
487
483
360
484
500
480
366
362
361
485
501
481
367
363
346
242
334
232
328
244
347
243
335
233
329
245
360
346
484
348
362
350
361
347
485
349
363
351
360
242
346
244
350
246
361
243
347
245
351
247
554
406
534
408
528
410
555
407
535
409
529
411
754
552
554
548
550
546
755
553
555
549
551
547
658
872
654
652
660
656
659
873
655
653
661
657
552
658
478
476
472
542
553
659
479
477
473
543
868
872
658
656
648
864
869
873
659
657
649
865
986
868
752
744
748
758
987
869
753
745
749
759
1222
1300
1002
998
1000
1220
1223
1301
1003
999
1001
1221
1300
1560
1290
1292
1288
1298
1301
1561
1291
1293
1289
1299
1544
1536
1276
1282
1284
1540
1545
1537
1277
1283
1285
1541
1560
1544
1290
1286
1292
1550
1561
1545
1291
1287
1293
1551
1796
1536
1544
1540
1548
1542
1797
1537
1545
1541
1549
1543
2022
1796
1804
1790
1806
1798
2023
1797
1805
1791
1807
1799
1678
1536
1796
1542
1676
1538
1679
1537
1797
1543
1677
1539
752
658
552
542
544
646
753
659
553
543
545
647
402
406
552
412
398
404
403
407
553
413
399
405
222
208
146
152
148
210
223
209
147
153
149
211
1188
1460
1186
1190
1192
1194
1189
1461
1187
1191
1193
1195
1734
1472
1708
1474
1710
1476
1735
1473
1709
1475
1711
1477
1472
1202
1460
1198
1456
1204
1473
1203
1461
1199
1457
1205
1708
1472
1460
1456
1458
1474
1709
1473
1461
1457
1459
1475
1732
1730
1470
1464
1466
1716
1733
1731
1471
1465
1467
1717
1484
1732
1470
1466
1468
1478
1485
1733
1471
1467
1469
1479
1734
1970
1732
1718
1720
1722
1735
1971
1733
1719
1721
1723
1202
1484
1200
1206
1208
1210
1203
1485
1201
1207
1209
1211
1952
1734
1708
1710
1712
1724
1953
1735
1709
1711
1713
1725
1970
1730
1732
1716
1718
1726
1971
1731
1733
1717
1719
1727
1734
1952
1970
1948
1722
1724
1735
1953
1971
1949
1723
1725
1202
916
1186
914
1196
918
1203
917
1187
915
1197
919
1202
1200
916
920
918
1208
1203
1201
917
921
919
1209
1460
1202
1186
1196
1190
1198
1461
1203
1187
1197
1191
1199
1484
1224
1200
1212
1206
1214
1485
1225
1201
1213
1207
1215
1472
1484
1202
1210
1204
1480
1473
1485
1203
1211
1205
1481
1472
1734
1484
1482
1480
1476
1473
1735
1485
1483
1481
1477
1224
1252
948
950
952
1228
1225
1253
949
951
953
1229
1470
1224
1484
1214
1468
1230
1471
1225
1485
1215
1469
1231
1734
1732
1484
1478
1482
1720
1735
1733
1485
1479
1483
1721
1730
1498
1470
1462
1464
1494
1731
1499
1471
1463
1465
1495
2184
1968
1970
1958
1960
1962
2185
1969
1971
1959
1961
1963
1750
1498
1730
1494
1714
1496
1751
1499
1731
1495
1715
1497
1512
1258
1250
1248
1254
1260
1513
1259
1251
1249
1255
1261
1252
1512
1250
1254
1242
1244
1253
1513
1251
1255
1243
1245
1750
1764
1512
1514
1516
1744
1751
1765
1513
1515
1517
1745
2170
2162
2380
2158
2164
2160
2171
2163
2381
2159
2165
2161
2566
2390
2380
2376
2378
2384
2567
2391
2381
2377
2379
2385
2184
1970
2170
1964
2166
1960
2185
1971
2171
1965
2167
1961
2170
1970
2162
1954
2160
1964
2171
1971
2163
1955
2161
1965
2566
2584
2390
2386
2384
2568
2567
2585
2391
2387
2385
2569
2180
1986
1968
1956
1966
1980
2181
1987
1969
1957
1967
1981
1508
1512
1764
1514
1518
1520
1509
1513
1765
1515
1519
1521
1508
1258
1512
1260
1520
1256
1509
1259
1513
1261
1521
1257
1506
1508
1764
1518
1510
1522
1507
1509
1765
1519
1511
1523
1506
1266
1508
1262
1522
1264
1507
1267
1509
1263
1523
1265
966
946
1250
940
964
942
967
947
1251
941
965
943
1224
948
1200
930
1212
952
1225
949
1201
931
1213
953
1952
2162
1970
1954
1948
1950
1953
2163
1971
1955
1949
1951
2390
2184
2170
2166
2168
2172
2391
2185
2171
2167
2169
2173
2380
2390
2170
2168
2164
2376
2381
2391
2171
2169
2165
2377
2584
2582
2390
2388
2386
2572
2585
2583
2391
2389
2387
2573
2390
2582
2394
2392
2382
2388
2391
2583
2395
2393
2383
2389
2752
2584
2566
2568
2564
2574
2753
2585
2567
2569
2565
2575
2752
2770
2584
2576
2574
2748
2753
2771
2585
2577
2575
2749
1986
1750
1968
1746
1956
1748
1987
1751
1969
1747
1957
1749
2190
1986
2180
1980
2174
1982
2191
1987
2181
1981
2175
1983
1990
1764
1986
1760
1984
1758
1991
1765
1987
1761
1985
1759
948
726
906
712
908
714
949
727
907
713
909
715
1200
948
906
908
910
930
1201
949
907
909
911
931
1252
960
948
954
950
956
1253
961
949
955
951
957
960
724
726
716
718
720
961
725
727
717
719
721
1968
2184
2180
2176
1966
1962
1969
2185
2181
2177
1967
1963
1730
1968
1750
1746
1714
1728
1731
1969
1751
1747
1715
1729
1730
1970
1968
1958
1728
1726
1731
1971
1969
1959
1729
1727
2942
2770
2932
2764
2928
2766
2943
2771
2933
2765
2929
2767
2942
2934
2770
2768
2766
2936
2943
2935
2771
2769
2767
2937
3094
2942
2932
2928
2930
2938
3095
2943
2933
2929
2931
2939
2788
2954
2966
2948
2790
2792
2789
2955
2967
2949
2791
2793
3094
3102
2942
2940
2938
3096
3095
3103
2943
2941
2939
3097
3094
3244
3102
3098
3096
3100
3095
3245
3103
3099
3097
3101
2394
2184
2390
2172
2382
2178
2395
2185
2391
2173
2383
2179
946
966
734
728
730
942
947
967
735
729
731
943
960
946
724
722
720
944
961
947
725
723
721
945
960
1250
946
940
944
958
961
1251
947
941
945
959
2770
2754
2582
2578
2580
2756
2771
2755
2583
2579
2581
2757
1240
966
1258
968
1234
962
1241
967
1259
969
1235
963
916
1200
906
910
912
920
917
1201
907
911
913
921
3122
2966
3116
2958
3118
2960
3123
2967
3117
2959
3119
2961
3122
2964
2966
2962
2960
2970
3123
2965
2967
2963
2961
2971
3174
3122
3262
3128
3162
3124
3175
3123
3263
3129
3163
3125
3170
3016
3018
3014
3022
3012
3171
3017
3019
3015
3023
3013
3310
3432
3312
3304
3314
3306
3311
3433
3313
3305
3315
3307
3262
3310
3174
3176
3162
3264
3263
3311
3175
3177
3163
3265
3404
3424
3310
3308
3286
3400
3405
3425
3311
3309
3287
3401
2592
2404
2590
2400
2588
2402
2593
2405
2591
2401
2589
2403
2048
2036
1810
1808
1812
2040
2049
2037
1811
1809
1813
2041
2456
2254
2258
2250
2262
2252
2457
2255
2259
2251
2263
2253
2456
2440
2254
2248
2252
2442
2457
2441
2255
2249
2253
2443
2254
2226
2036
2038
2042
2228
2255
2227
2037
2039
2043
2229
2254
2440
2226
2232
2228
2248
2255
2441
2227
2233
2229
2249
2466
2456
2258
2262
2260
2458
2467
2457
2259
2263
2261
2459
2646
2826
2638
2628
2624
2650
2647
2827
2639
2629
2625
2651
2626
2438
2440
2432
2444
2434
2627
2439
2441
2433
2445
2435
2644
2626
2828
2642
2630
2634
2645
2627
2829
2643
2631
2635
2438
2236
2226
2224
2230
2244
2439
2237
2227
2225
2231
2245
2448
2438
2626
2434
2452
2436
2449
2439
2627
2435
2453
2437
2448
2236
2438
2244
2436
2238
2449
2237
2439
2245
2437
2239
2236
2022
2226
2026
2224
2024
2237
2023
2227
2027
2225
2025
2774
2658
2604
2586
2602
2656
2775
2659
2605
2587
2603
2657
2830
2826
2646
2650
2648
2808
2831
2827
2647
2651
2649
2809
2466
2658
2646
2652
2464
2468
2467
2659
2647
2653
2465
2469
2408
2466
2258
2260
2256
2410
2409
2467
2259
2261
2257
2411
2604
2658
2466
2468
2470
2586
2605
2659
2467
2469
2471
2587
2408
2404
2592
2402
2412
2406
2409
2405
2593
2403
2413
2407
2776
2754
2934
2758
2760
2762
2777
2755
2935
2759
2761
2763
2964
2776
2788
2778
2794
2780
2965
2777
2789
2779
2795
2781
2604
2592
2776
2594
2606
2596
2605
2593
2777
2595
2607
2597
3116
3106
3248
3108
3120
3110
3117
3107
3249
3109
3121
3111
2788
2966
2964
2962
2794
2790
2789
2967
2965
2963
2795
2791
2966
2954
3106
2950
2956
2948
2967
2955
3107
2951
2957
2949
2770
2934
2754
2758
2756
2768
2771
2935
2755
2759
2757
2769
2584
2770
2582
2580
2572
2576
2585
2771
2583
2581
2573
2577
2752
2932
2770
2764
2748
2750
2753
2933
2771
2765
2749
2751
3102
3244
3106
3112
3104
3098
3103
3245
3107
3113
3105
3099
734
740
540
530
532
702
735
741
541
531
533
703
946
734
710
704
706
730
947
735
711
705
707
731
932
1240
976
974
934
936
933
1241
977
975
935
937
946
710
724
708
722
706
947
711
725
709
723
707
1250
1258
966
968
964
1248
1251
1259
967
969
965
1249
1252
1250
960
958
956
1242
1253
1251
961
959
957
1243
1252
1224
1498
1226
1246
1228
1253
1225
1499
1227
1247
1229
726
948
960
954
718
714
727
949
961
955
719
715
1498
1750
1512
1516
1500
1496
1499
1751
1513
1517
1501
1497
1252
1498
1512
1500
1244
1246
1253
1499
1513
1501
1245
1247
1224
1470
1498
1462
1226
1230
1225
1471
1499
1463
1227
1231
976
928
740
736
738
926
977
929
741
737
739
927
734
932
740
742
702
732
735
933
741
743
703
733
1492
1506
1742
1502
1488
1486
1493
1507
1743
1503
1489
1487
976
1266
1222
1218
970
972
977
1267
1223
1219
971
973
1240
1508
1266
1262
1238
1236
1241
1509
1267
1263
1239
1237
3248
3388
3258
3256
3250
3252
3249
3389
3259
3257
3251
3253
932
966
1240
962
936
938
933
967
1241
963
937
939
740
932
976
934
738
742
741
933
977
935
739
743
734
966
932
938
732
728
735
967
933
939
733
729
1074
1358
1086
1080
1078
1072
1075
1359
1087
1081
1079
1073
1038
1324
1034
1042
1036
1044
1039
1325
1035
1043
1037
1045
1838
1846
1606
1612
1604
1834
1839
1847
1607
1613
1605
1835
1840
1838
1602
1598
1600
1844
1841
1839
1603
1599
1601
1845
2070
1846
1838
1834
1842
1852
2071
1847
1839
1835
1843
1853
1346
1066
1334
1062
1342
1064
1347
1067
1335
1063
1343
1065
1034
1324
1074
1070
1040
1042
1035
1325
1075
1071
1041
1043
1032
1066
1324
1068
1026
1030
1033
1067
1325
1069
1027
1031
1032
786
826
792
830
790
1033
787
827
793
831
791
1840
2064
2070
2062
1832
1836
1841
2065
2071
2063
1833
1837
460
452
320
322
326
454
461
453
321
323
327
455
818
1048
1054
1046
820
824
819
1049
1055
1047
821
825
592
608
440
444
442
594
593
609
441
445
443
595
786
810
592
596
598
788
787
811
593
597
599
789
1032
1038
810
806
804
1028
1033
1039
811
807
805
1029
1350
1074
1324
1070
1322
1076
1351
1075
1325
1071
1323
1077
814
608
810
606
812
604
815
609
811
607
813
605
1038
814
810
812
806
808
1039
815
811
813
807
809
1324
1038
1032
1028
1026
1044
1325
1039
1033
1029
1027
1045
1034
814
1038
808
1036
802
1035
815
1039
809
1037
803
1034
796
814
794
802
800
1035
797
815
795
803
801
1570
1444
1698
1448
1572
1446
1571
1445
1699
1449
1573
1447
1024
1012
1316
1018
1016
1022
1025
1013
1317
1019
1017
1023
1004
1170
1308
1168
1008
1006
1005
1171
1309
1169
1009
1007
1308
1170
1444
1166
1302
1168
1309
1171
1445
1167
1303
1169
774
770
1012
764
782
768
775
771
1013
765
783
769
884
1152
1004
904
882
886
885
1153
1005
905
883
887
898
1152
884
886
888
892
899
1153
885
887
889
893
694
898
690
692
696
686
695
899
691
693
697
687
694
890
898
896
686
688
695
891
899
897
687
689
1162
1424
1152
1154
1150
1160
1163
1425
1153
1155
1151
1161
1152
1424
1170
1164
1156
1154
1153
1425
1171
1165
1157
1155
306
352
430
356
308
304
307
353
431
357
309
305
492
504
674
506
490
494
493
505
675
507
491
495
2304
2510
2316
2310
2308
2302
2305
2511
2317
2311
2309
2303
1918
1928
2130
1930
1924
1922
1919
1929
2131
1931
1925
1923
1936
1918
2130
1924
1934
1920
1937
1919
2131
1925
1935
1921
1698
1686
1918
1690
1700
1684
1699
1687
1919
1691
1701
1685
2120
1914
2030
1904
2020
1916
2121
1915
2031
1905
2021
1917
2344
2120
2234
2124
2240
2122
2345
2121
2235
2125
2241
2123
1928
1912
2120
1900
1926
1910
1929
1913
2121
1901
1927
1911
1424
1422
1660
1410
1426
1418
1425
1423
1661
1411
1427
1419
1796
2022
2030
2028
1792
1798
1797
2023
2031
2029
1793
1799
2344
2354
2142
2140
2136
2338
2345
2355
2143
2141
2137
2339
2120
2344
2142
2136
2126
2122
2121
2345
2143
2137
2127
2123
2448
2528
2344
2340
2342
2454
2449
2529
2345
2341
2343
2455
2664
2736
2862
2726
2666
2670
2665
2737
2863
2727
2667
2671
2556
2734
2736
2728
2550
2552
2557
2735
2737
2729
2551
2553
2348
2354
2548
2352
2358
2356
2349
2355
2549
2353
2359
2357
2354
2528
2542
2534
2350
2346
2355
2529
2543
2535
2351
2347
2724
2904
2734
2732
2718
2722
2725
2905
2735
2733
2719
2723
3032
3180
3086
3078
3028
3026
3033
3181
3087
3079
3029
3027
3202
3330
3192
3190
3186
3206
3203
3331
3193
3191
3187
3207
3054
3060
3202
3058
3050
3056
3055
3061
3203
3059
3051
3057
3332
3464
3460
3456
3342
3336
3333
3465
3461
3457
3343
3337
3202
3196
3332
3194
3198
3204
3203
3197
3333
3195
3199
3205
3338
3464
3332
3336
3340
3334
3339
3465
3333
3337
3341
3335
2130
2148
1936
1940
1934
2128
2131
2149
1937
1941
1935
2129
890
1162
898
900
896
902
891
1163
899
901
897
903
1818
1698
1936
1696
1822
1694
1819
1699
1937
1697
1823
1695
1332
1316
1574
1312
1326
1310
1333
1317
1575
1313
1327
1311
1308
1444
1570
1446
1306
1302
1309
1445
1571
1447
1307
1303
690
898
884
888
698
692
691
899
885
889
699
693
2030
2022
2236
2024
2034
2028
2031
2023
2237
2025
2035
2029
2448
2234
2236
2242
2238
2246
2449
2235
2237
2243
2239
2247
1660
1670
1424
1428
1426
1664
1661
1671
1425
1429
1427
1665
1914
1908
1678
1680
1682
1902
1915
1909
1679
1681
1683
1903
1796
1914
1678
1682
1676
1794
1797
1915
1679
1683
1677
1795
2030
2234
2120
2124
2020
2032
2031
2235
2121
2125
2021
2033
1912
1670
1908
1668
1898
1674
1913
1671
1909
1669
1899
1675
1436
1424
1670
1428
1438
1430
1437
1425
1671
1429
1439
1431
1136
880
872
870
866
874
1137
881
873
871
867
875
1136
872
868
864
862
866
1137
873
869
865
863
867
890
880
1146
876
894
878
891
881
1147
877
895
879
666
872
880
870
662
664
667
873
881
871
663
665
2234
2030
2236
2034
2242
2032
2235
2031
2237
2035
2243
2033
2344
2234
2448
2246
2342
2240
2345
2235
2449
2247
2343
2241
2142
1928
2120
1926
2126
1932
2143
1929
2121
1927
2127
1933
1686
1670
1912
1674
1688
1672
1687
1671
1913
1675
1689
1673
1918
1686
1912
1688
1692
1690
1919
1687
1913
1689
1693
1691
1444
1170
1436
1172
1434
1166
1445
1171
1437
1173
1435
1167
1422
1146
1412
1142
1414
1144
1423
1147
1413
1143
1415
1145
1536
1660
1412
1420
1416
1432
1537
1661
1413
1421
1417
1433
1424
1162
1422
1158
1418
1160
1425
1163
1423
1159
1419
1161
1818
2052
1826
1824
1816
1820
1819
2053
1827
1825
1817
1821
1698
1818
1570
1568
1572
1694
1699
1819
1571
1569
1573
1695
1936
2052
1818
1820
1822
1938
1937
2053
1819
1821
1823
1939
2052
1936
2148
1940
2058
1938
2053
1937
2149
1941
2059
1939
1162
1152
898
892
900
1150
1163
1153
899
893
901
1151
690
524
694
522
696
520
691
525
695
523
697
521
374
386
504
392
372
368
375
387
505
393
373
369
524
518
694
514
522
516
525
519
695
515
523
517
3316
3360
3230
3226
3228
3320
3317
3361
3231
3227
3229
3321
2864
3054
3038
3034
2866
2868
2865
3055
3039
3035
2867
2869
3360
3464
3338
3334
3344
3358
3361
3465
3339
3335
3345
3359
3472
3460
3564
3458
3468
3454
3473
3461
3565
3459
3469
3455
3472
3408
3350
3348
3352
3406
3473
3409
3351
3349
3353
3407
3460
3472
3350
3352
3346
3454
3461
3473
3351
3353
3347
3455
2864
2706
2688
2672
2692
2704
2865
2707
2689
2673
2693
2705
2684
2876
2688
2690
2694
2682
2685
2877
2689
2691
2695
2683
3038
2896
2864
2854
2866
2888
3039
2897
2865
2855
2867
2889
682
880
890
878
678
680
683
881
891
879
679
681
654
872
666
664
650
652
655
873
667
665
651
653
754
928
986
760
750
756
755
929
987
761
751
757
518
682
694
684
514
512
519
683
695
685
515
513
396
518
524
516
384
394
397
519
525
517
385
395
382
500
518
498
380
376
383
501
519
499
381
377
500
484
666
486
502
480
501
485
667
487
503
481
3430
3290
3292
3296
3298
3300
3431
3291
3293
3297
3299
3301
2036
2226
2022
2026
2018
2038
2037
2227
2023
2027
2019
2039
2048
2258
2254
2250
2046
2050
2049
2259
2255
2251
2047
2051
1770
1998
1810
1814
1766
1772
1771
1999
1811
1815
1767
1773
2202
2258
2048
2050
2044
2204
2203
2259
2049
2051
2045
2205
2440
2638
2626
2636
2444
2446
2441
2639
2627
2637
2445
2447
2644
2448
2626
2452
2634
2450
2645
2449
2627
2453
2635
2451
1742
1762
1976
1752
1736
1740
1743
1763
1977
1753
1737
1741
2528
2448
2644
2450
2530
2454
2529
2449
2645
2451
2531
2455
2824
2724
2644
2622
2632
2662
2825
2725
2645
2623
2633
2663
3316
3230
3180
3182
3178
3228
3317
3231
3181
3183
3179
3229
3290
3316
3180
3178
3184
3232
3291
3317
3181
3179
3185
3233
3360
3338
3230
3224
3226
3344
3361
3339
3231
3225
3227
3345
3444
3360
3316
3320
3322
3354
3445
3361
3317
3321
3323
3355
3444
3562
3476
3480
3446
3448
3445
3563
3477
3481
3447
3449
3032
3004
3148
3000
3030
2988
3033
3005
3149
3001
3031
2989
3180
3032
3148
3030
3152
3026
3181
3033
3149
3031
3153
3027
3086
2904
3032
2902
3028
2918
3087
2905
3033
2903
3029
2919
2828
2824
2644
2632
2630
2818
2829
2825
2645
2633
2631
2819
2828
3008
2824
2812
2818
2820
2829
3009
2825
2813
2819
2821
2828
2826
3008
2814
2820
2822
2829
2827
3009
2815
2821
2823
3476
3562
3582
3560
3474
3480
3477
3563
3583
3561
3475
3481
3564
3476
3582
3474
3572
3478
3565
3477
3583
3475
3573
3479
3464
3360
3476
3356
3452
3358
3465
3361
3477
3357
3453
3359
3476
3360
3444
3354
3446
3356
3477
3361
3445
3355
3447
3357
3330
3202
3332
3198
3328
3206
3331
3203
3333
3199
3329
3207
3202
3192
3054
3052
3050
3186
3203
3193
3055
3053
3051
3187
3316
3368
3444
3364
3322
3318
3317
3369
3445
3365
3323
3319
2202
2188
2404
2192
2206
2186
2203
2189
2405
2193
2207
2187
2604
2466
2408
2410
2414
2470
2605
2467
2409
2411
2415
2471
1998
1770
1976
1768
1978
1772
1999
1771
1977
1769
1979
1773
2188
1998
1976
1978
1974
1994
2189
1999
1977
1979
1975
1995
2048
1810
1998
1814
1996
1812
2049
1811
1999
1815
1997
1813
1804
1560
1810
1558
1802
1562
1805
1561
1811
1559
1803
1563
1698
1444
1686
1442
1684
1448
1699
1445
1687
1443
1685
1449
2354
2344
2528
2340
2346
2338
2355
2345
2529
2341
2347
2339
1928
2142
2130
2132
1930
1932
1929
2143
2131
2133
1931
1933
1908
1914
2120
1916
1906
1902
1909
1915
2121
1917
1907
1903
2130
2348
2148
2146
2128
2134
2131
2349
2149
2147
2129
2135
1698
1918
1936
1920
1696
1700
1699
1919
1937
1921
1697
1701
2142
2348
2130
2134
2132
2138
2143
2349
2131
2135
2133
2139
1912
1908
2120
1906
1900
1898
1913
1909
2121
1907
1901
1899
2354
2348
2142
2138
2140
2356
2355
2349
2143
2139
2141
2357
1506
1764
1762
1756
1504
1510
1507
1765
1763
1757
1505
1511
1750
1986
1764
1760
1744
1748
1751
1987
1765
1761
1745
1749
2394
2180
2184
2176
2178
2182
2395
2181
2185
2177
2179
2183
2590
2394
2582
2392
2570
2396
2591
2395
2583
2393
2571
2397
2394
2404
2190
2194
2196
2398
2395
2405
2191
2195
2197
2399
3632
3656
3660
3654
3630
3578
3633
3657
3661
3655
3631
3579
2896
2894
2716
2714
2712
2898
2897
2895
2717
2715
2713
2899
2862
2676
2664
2668
2666
2680
2863
2677
2665
2669
2667
2681
3060
3196
3202
3204
3058
3062
3061
3197
3203
3205
3059
3063
3230
3212
3082
3076
3074
3208
3231
3213
3083
3077
3075
3209
3338
3332
3212
3210
3214
3340
3339
3333
3213
3211
3215
3341
2872
2676
2862
2680
2856
2678
2873
2677
2863
2681
2857
2679
2510
2502
2688
2500
2506
2496
2511
2503
2689
2501
2507
2497
3082
2908
3086
2906
3080
2910
3083
2909
3087
2907
3081
2911
2490
2676
2684
2674
2488
2492
2491
2677
2685
2675
2489
2493
2502
2490
2684
2488
2498
2494
2503
2491
2685
2489
2499
2495
2286
2480
2490
2486
2292
2288
2287
2481
2491
2487
2293
2289
2480
2472
2664
2474
2484
2478
2481
2473
2665
2475
2485
2479
3350
3222
3330
3220
3326
3216
3351
3223
3331
3221
3327
3217
3284
3272
3408
3274
3282
3276
3285
3273
3409
3275
3283
3277
3284
3142
3272
3140
3276
3138
3285
3143
3273
3141
3277
3139
2706
2864
2896
2854
2710
2704
2707
2865
2897
2855
2711
2705
3350
3330
3460
3324
3346
3326
3351
3331
3461
3325
3347
3327
3272
3350
3408
3348
3274
3270
3273
3351
3409
3349
3275
3271
3272
3222
3350
3216
3270
3218
3273
3223
3351
3217
3271
3219
3192
3222
3068
3066
3072
3188
3193
3223
3069
3067
3073
3189
3234
3142
3284
3138
3236
3144
3235
3143
3285
3139
3237
3145
3234
3088
3142
3092
3144
3090
3235
3089
3143
3093
3145
3091
2974
2800
2982
2804
2978
2798
2975
2801
2983
2805
2979
2799
3564
3656
3576
3566
3570
3574
3565
3657
3577
3567
3571
3575
3482
3540
3588
3544
3486
3488
3483
3541
3589
3545
3487
3489
3648
3642
3728
3640
3650
3646
3649
3643
3729
3641
3651
3647
3676
3648
3728
3650
3672
3638
3677
3649
3729
3651
3673
3639
3540
3554
3648
3550
3546
3538
3541
3555
3649
3551
3547
3539
740
534
540
536
530
538
741
535
541
537
531
539
710
734
540
532
526
704
711
735
541
533
527
705
740
754
554
550
556
700
741
755
555
551
557
701
3248
3106
3244
3112
3240
3108
3249
3107
3245
3113
3241
3109
3388
3248
3380
3246
3378
3252
3389
3249
3381
3247
3379
3253
3116
2966
3106
2956
3110
2958
3117
2967
3107
2957
3111
2959
3258
3116
3248
3120
3250
3114
3259
3117
3249
3121
3251
3115
3258
3122
3116
3118
3114
3126
3259
3123
3117
3119
3115
3127
3508
3390
3388
3384
3386
3396
3509
3391
3389
3385
3387
3397
2190
2188
1990
1988
1992
2198
2191
2189
1991
1989
1993
2199
2394
2190
2180
2174
2182
2196
2395
2191
2181
2175
2183
2197
2394
2590
2404
2400
2398
2396
2395
2591
2405
2401
2399
2397
2754
2590
2582
2570
2578
2598
2755
2591
2583
2571
2579
2599
2788
2776
2934
2760
2772
2778
2789
2777
2935
2761
2773
2779
2954
2788
2934
2772
2944
2792
2955
2789
2935
2773
2945
2793
3102
2954
2934
2944
2946
2952
3103
2955
2935
2945
2947
2953
3102
3106
2954
2950
2952
3104
3103
3107
2955
2951
2953
3105
2964
2774
2776
2782
2780
2784
2965
2775
2777
2783
2781
2785
2658
2838
2830
2832
2660
2654
2659
2839
2831
2833
2661
2655
2658
2774
2838
2786
2654
2656
2659
2775
2839
2787
2655
2657
2604
2776
2774
2782
2602
2606
2605
2777
2775
2783
2603
2607
2590
2776
2592
2594
2588
2600
2591
2777
2593
2595
2589
2601
2964
2838
2774
2786
2784
2842
2965
2839
2775
2787
2785
2843
2190
1990
1986
1984
1982
1992
2191
1991
1987
1985
1983
1993
2404
2188
2190
2198
2194
2192
2405
2189
2191
2199
2195
2193
2754
2776
2590
2600
2598
2762
2755
2777
2591
2601
2599
2763
2646
2456
2466
2458
2464
2460
2647
2457
2467
2459
2465
2461
2830
2646
2658
2652
2660
2648
2831
2647
2659
2653
2661
2649
2638
2456
2646
2460
2624
2462
2639
2457
2647
2461
2625
2463
2828
2638
2826
2628
2822
2640
2829
2639
2827
2629
2823
2641
2440
2456
2638
2462
2446
2442
2441
2457
2639
2463
2447
2443
2036
2048
2254
2046
2042
2040
2037
2049
2255
2047
2043
2041
2408
2592
2604
2596
2414
2412
2409
2593
2605
2597
2415
2413
2202
2408
2258
2256
2204
2200
2203
2409
2259
2257
2205
2201
2202
2404
2408
2406
2200
2206
2203
2405
2409
2407
2201
2207
2036
2022
1804
1806
1800
2018
2037
2023
1805
1807
1801
2019
2438
2226
2440
2232
2432
2230
2439
2227
2441
2233
2433
2231
3174
3170
3018
3022
3024
3164
3175
3171
3019
3023
3025
3165
3404
3310
3262
3264
3266
3286
3405
3311
3263
3265
3267
3287
3312
3170
3174
3164
3172
3168
3313
3171
3175
3165
3173
3169
3430
3312
3432
3304
3428
3302
3431
3313
3433
3305
3429
3303
3554
3430
3432
3428
3440
3438
3555
3431
3433
3429
3441
3439
3368
3290
3430
3300
3362
3294
3369
3291
3431
3301
3363
3295
3292
3160
3170
3154
3166
3156
3293
3161
3171
3155
3167
3157
3430
3292
3312
3288
3302
3298
3431
3293
3313
3289
3303
3299
3290
3160
3292
3156
3296
3158
3291
3161
3293
3157
3297
3159
460
320
420
324
418
326
461
321
421
325
419
327
772
616
564
560
562
614
773
617
565
561
563
615
618
452
460
454
456
450
619
453
461
455
457
451
818
1024
1048
1014
824
816
819
1025
1049
1015
825
817
826
616
818
628
822
624
827
617
819
629
823
625
1066
826
1054
828
1056
832
1067
827
1055
829
1057
833
786
618
826
626
792
620
787
619
827
627
793
621
564
576
772
580
562
566
565
577
773
581
563
567
440
314
452
318
438
316
441
315
453
319
439
317
554
552
406
412
410
548
555
553
407
413
411
549
740
554
534
528
538
556
741
555
535
529
539
557
740
928
754
756
700
736
741
929
755
757
701
737
3262
3258
3390
3254
3268
3260
3263
3259
3391
3255
3269
3261
3424
3432
3310
3306
3308
3422
3425
3433
3311
3307
3309
3423
3122
3258
3262
3260
3128
3126
3123
3259
3263
3261
3129
3127
2942
3102
2934
2946
2936
2940
2943
3103
2935
2947
2937
2941
3244
3380
3248
3246
3240
3242
3245
3381
3249
3247
3241
3243
