-0.1573467207
-0.1633677753
-0.1932676713
-0.2285518717
-0.2574184158
-0.2736049174
-0.2739542067
-0.2575875149
-0.22525453
-0.1788917484
-0.121298533
-0.0558803883
0.01356385982
0.08303053327
0.1484917335
0.2060830734
0.2523120515
0.2842995501
0.3000666517
0.2988939214
0.2817485033
0.2520313759
0.2164523792
0.1864315014
0.1826934336
-0.1514682743
-0.157386268
-0.1777359819
-0.2014156209
-0.2211209432
-0.2316325931
-0.23001533
-0.2151901966
-0.1874824072
-0.1482923032
-0.09982175482
-0.04484610626
0.01348384008
0.07182319249
0.1268092516
0.1752433331
0.2142875904
0.2416852975
0.256013049
0.2569745736
0.2457522749
0.2254629269
0.2015435368
0.1826894264
0.1789809648
-0.1212411227
-0.1368519002
-0.1578270489
-0.1784091166
-0.1944243984
-0.2022479821
-0.1997776215
-0.1861657269
-0.161661247
-0.1274069608
-0.08523814119
-0.03749960123
0.01312456488
0.06377336284
0.1115699237
0.1537875987
0.1880265345
0.2124045978
0.2257638444
0.2278916653
0.2197428863
0.2036443502
0.183314356
0.1637972154
0.1487491293
-0.08352876385
-0.1119457243
-0.1383725965
-0.1604844778
-0.1761989722
-0.183418171
-0.1808996611
-0.1682056533
-0.1457202294
-0.1145275823
-0.07628140801
-0.03306761985
0.01273331528
0.05858360376
0.1019276518
0.1403368523
0.1716616737
0.1941908006
0.2068128812
0.2091701984
0.2017774247
0.186068278
0.1642193139
0.1388184628
0.1110482467
-0.0481839778
-0.08901083377
-0.1228930084
-0.1490761012
-0.1666429205
-0.1746181872
-0.1725056609
-0.1603473816
-0.1387777938
-0.1089618584
-0.07251689863
-0.03141328996
0.01213109062
0.05576105987
0.09709922513
0.1338669129
0.1640109203
0.1858333998
0.1981172811
0.200232843
0.1921972717
0.174652753
0.1486650385
0.1154378017
0.07517173922
-0.02037486153
-0.07296236879
-0.115071152
-0.1464671772
-0.1669206893
-0.1762296032
-0.1745076004
-0.1622593829
-0.1404216868
-0.1103328722
-0.07368169035
-0.03243678039
0.01123084226
0.0550316897
0.09664762848
0.1338283252
0.1644938793
0.1868405117
0.1994413887
0.2013289419
0.1920345916
0.1715634376
0.1402440901
0.0985527194
0.04643259721
-0.003509199382
-0.06745527671
-0.1179873415
-0.1549873373
-0.1786381663
-0.1892609867
-0.1874722401
-0.1742118444
-0.1507517187
-0.1186687056
-0.07980397404
-0.03621272757
0.00989005714
0.05618834938
0.1003292392
0.1399945916
0.1729809879
0.1972863129
0.2111969225
0.2133648399
0.2028559164
0.1791569843
0.1420976316
0.09178876088
0.02820821407
-0.0002423206727
-0.07552865152
-0.1345476332
-0.1771469783
-0.2037873918
-0.2151992292
-0.2124535056
-0.1969210877
-0.1702426202
-0.1342870361
-0.09111147332
-0.04292411302
0.007949596924
0.05910029531
0.1080716928
0.1524058275
0.1897002299
0.217678535
0.234271921
0.2377049849
0.2265707339
0.1998890389
0.1571026572
0.09811864682
0.02301531364
-0.0131626212
-0.1001522693
-0.167727368
-0.2156676236
-0.2446902255
-0.2559201893
-0.2508968285
-0.2314584973
-0.1996661367
-0.1577361079
-0.1079943346
-0.05284903134
0.005222029112
0.06367663991
0.1199137248
0.1712878265
0.2151403723
0.2488539111
0.2699316495
0.2761010264
0.2654283794
0.2364422191
0.1882051812
0.1204551269
0.03335170592
-0.04520626389
-0.1445947931
-0.2208284485
-0.2736396689
-0.3040581292
-0.313672899
-0.3045776528
-0.2791674063
-0.2400043527
-0.1897169224
-0.1309451789
-0.06632471941
0.001500230861
0.06984678641
0.1359594097
0.1969852642
0.249971923
0.2918998863
0.3197591455
0.3306752658
0.3220745141
0.2918880174
0.2387110949
0.1620594772
0.06210747672
-0.09995186581
-0.2127325452
-0.2977350469
-0.3546900473
-0.3850676739
-0.3910809841
-0.3755493259
-0.3415789574
-0.292353746
-0.2309924862
-0.1604865175
-0.08370185184
-0.003428610077
0.07754166798
0.1563296215
0.2298907789
0.2949662735
0.3480819285
0.3856137102
0.4039357199
0.3996464989
0.369877986
0.3125700665
0.2268825478
0.1129063783
-0.181890327
-0.3093550652
-0.4031870952
-0.4631787118
-0.4914613424
-0.4911510052
-0.4660781864
-0.4203014708
-0.3577962755
-0.2822637268
-0.1970686899
-0.1052759505
-0.009754263647
0.08668101115
0.1811109876
0.2703644599
0.3509019158
0.4187596637
0.4695849761
0.4987982564
0.5018889072
0.4748614575
0.4146777278
0.3199056033
0.1904154452
-0.2967422273
-0.4405373419
-0.543122233
-0.6044416662
-0.6276595304
-0.6172581096
-0.5785325349
-0.5168522576
-0.4372119547
-0.343993146
-0.2409257898
-0.1311888363
-0.01759739449
0.09716469359
0.2102950065
0.318630384
0.4184361458
0.5052608
0.5739093964
0.6185924782
0.6332833438
0.6123478988
0.5512449538
0.4475530549
0.3007109959
-0.4519036342
-0.6141735892
-0.7251569971
-0.7851097678
-0.7988758647
-0.7730758934
-0.7151816049
-0.6323899534
-0.5309999417
-0.4161537927
-0.2918761595
-0.1612930146
-0.0269439322
0.1088652342
0.243699049
0.3746338508
0.4979156855
0.6086854262
0.700826383
0.7670254047
0.7991748328
0.789236261
0.7303049736
0.6182733347
0.4517865175
-0.6571689399
-0.8408348036
-0.9593148788
-1.013543861
-1.0112103
-0.9623864296
-0.8778332588
-0.7672889289
-0.6386697862
-0.4978835977
-0.3490601773
-0.1949791455
-0.03756448922
0.1216156135
0.2808603466
0.4378381015
0.5890920533
0.7295774469
0.8522536279
0.9479799169
1.005862875
1.014269467
0.9624617268
0.8434275118
0.6543451373
-0.926090711
-1.135171129
-1.259191939
-1.300429255
-1.271643571
-1.188647056
-1.067194761
-0.920477253
-0.7582647071
-0.5870368091
-0.4106238
-0.2309815563
-0.04893153514
0.1351827881
0.3208827908
0.5069328701
0.6907038316
0.8673912285
1.029275729
1.165268788
1.2607037
1.29855659
1.26198556
1.138797012
0.923163855
-1.277660437
-1.518513572
-1.64390137
-1.659508748
-1.587742477
-1.454069237
-1.281770522
-1.088443329
-0.8855960637
-0.6796552162
-0.4733875403
-0.2671996792
-0.0601624506
0.1492007705
0.3622278969
0.5794736595
0.7998745513
1.019622945
1.231145641
1.421440187
1.571174563
1.656070641
1.648893792
1.527230301
1.279281487
-1.74211219
-2.024113276
-2.1409565
-2.108391403
-1.966573751
-1.75773064
-1.51602477
-1.263827785
-1.013325389
-0.7694440133
-0.532589593
-0.3006067611
-0.07004027958
0.1630481181
0.4024810925
0.6513919266
0.9111977609
1.180644554
1.453737524
1.716390903
1.945584909
2.10585124
2.151408763
2.042677299
1.754905501
-2.374139903
-2.702739671
-2.792306445
-2.668616566
-2.411532316
-2.091918651
-1.757472105
-1.433628481
-1.130065281
-0.8474403843
-0.5818555302
-0.3273522339
-0.07716582026
0.1756753544
0.4380674587
0.7164156537
1.01599963
1.340234052
1.686177908
2.043321133
2.386292685
2.663312911
2.807808644
2.742913736
2.403820448
-3.218714499
-3.655100071
-3.662665444
-3.360870998
-2.914985146
-2.435214125
-1.982569238
-1.577377415
-1.219912964
-0.9021909301
-0.613596883
-0.3431671385
-0.08027374063
0.1853790948
0.4640153294
0.7658649411
1.101547813
1.480370662
1.907564001
2.386128492
2.88665413
3.358774063
3.697217219
3.723604733
3.305131325
-4.612708077
-5.075641775
-4.829640295
-4.196676682
-3.438862692
-2.74138052
-2.152370426
-1.666407533
-1.263182942
-0.9208585199
-0.6200285451
-0.344126931
-0.07869659459
0.1896153245
0.4740755662
0.7888496001
1.150207013
1.575145705
2.086622032
2.699869422
3.398915158
4.184200695
4.830134646
5.120667109
4.687037022
-6.952521849
-7.08851135
-6.478789121
-5.105478433
-3.876264854
-2.926907212
-2.211296984
-1.666178031
-1.239205482
-0.8915058899
-0.5947836837
-0.3276532357
-0.07282899329
0.1850645639
0.4613454032
0.7731648173
1.14142035
1.593023218
2.16858565
2.897952069
3.86979736
5.117045072
6.367053853
7.57377373
6.980089866
-8.351986813
-11.66617226
-8.507148306
-5.759433436
-4.015914068
-2.873735356
-2.096716077
-1.544782932
-1.132010965
-0.8066180345
-0.5349542267
-0.2935386035
-0.06437800654
0.1681255778
0.4195715448
0.7079451669
1.05649654
1.499159313
2.086027828
2.891070702
4.1049441
5.676601146
8.06173936
10.97088122
10.2982664
-34.31454831
-18.3649205
-9.15987316
-5.446591096
-3.576199159
-2.459808273
-1.762425026
-1.284547031
-0.9360118921
-0.6657198991
-0.4420686597
-0.2440294243
-0.05582932543
0.1360571847
0.3452088982
0.5875492796
0.8845523546
1.268467439
1.790190339
2.552084346
3.731123368
5.62482545
10.10746181
16.31987132
25.9884504
-64.64000514
-15.52125612
-5.957613815
-3.904389403
-2.414240526
-1.693159867
-1.229169777
-0.9042086528
-0.6669866214
-0.4805798209
-0.3246002829
-0.1848301998
-0.05046026283
0.08783474701
0.2394518531
0.4154019991
0.6304807431
0.9061509762
1.279033054
1.817362607
2.611191466
4.142800906
7.16840542
12.34522748
60.37890885
