-8.752467511e-32 8.752467511e-32
1.069073509e-34 3.50101417e-31
-3.500949172e-31 1.065518252e-34
1.370040769e-34 1.7496446e-31
4.415201212e-34 3.490259339e-31
4.124231299e-05 4.124231299e-05
8.769205456e-05 -1.320727729e-06
-1.751327809e-31 1.388906954e-34
-3.511724442e-31 4.48599791e-34
-2.90867682e-07 8.863853393e-05
8.110887562e-36 1.741210669e-31
-0.0001988259537 -0.0001414091052
-2.539827002e-34 3.471488459e-31
1.842266877e-05 -6.236698113e-05
-6.02440157e-05 -6.211794299e-05
-0.0003242894791 -0.000301018105
-0.0002954865373 -0.0003256793103
-5.942157526e-05 2.153483598e-05
-0.0001372899603 -0.0001885291102
-3.531111472e-31 -2.058312026e-34
-1.759796561e-31 2.131840716e-35
-5.747249896e-34 1.731149524e-31
-0.001080064557 -0.0002933742098
-1.882967139e-33 3.453118472e-31
-0.0005611017757 -0.0002198391563
-0.001585294806 -0.0008766257054
-0.001674836008 -0.001426691354
-0.0008196364286 -0.000594030103
-0.0008284938585 -0.0008376502856
-0.0008779748355 -0.001587547049
-0.001419069182 -0.00168388796
-0.0005869358869 -0.0008180718191
-0.0002163051958 -0.0005470907489
-3.551850345e-31 -1.805786242e-33
-1.770425424e-31 -5.470756822e-34
-0.0002959825844 -0.001065196571
-1.554876053e-33 1.722767513e-31
-0.001721782321 -0.0003587058677
-0.002486381793 -0.0004110006057
-4.205537753e-33 3.440134108e-31
-0.002596099098 -0.001148456177
-0.003841607405 -0.001382155736
-0.004378260726 -0.002559790686
-0.002862678875 -0.002010803983
-0.00364058136 -0.00428786691
-0.002641017738 -0.002644036233
-0.004273305667 -0.003597225329
-0.002026454642 -0.002885856388
-0.001174794908 -0.002619543648
-0.0003713811946 -0.001728049683
-0.00145469686 -0.003926311113
-0.002636133378 -0.004443172198
-1.780510193e-31 -1.555326514e-33
-3.569943164e-31 -4.242028509e-33
-0.000443564679 -0.002537928646
-2.807980685e-33 1.717935117e-31
-6.943972513e-33 3.435220171e-31
-0.003332762965 -0.0004544350636
-0.004257522159 -0.0004827667009
-0.005280969462 -0.001580770762
-0.006882709285 -0.001735577234
-0.008264266692 -0.003448246185
-0.006190359347 -0.003042880902
-0.008656541397 -0.005279404273
-0.005726044082 -0.005668641572
-0.006287134212 -0.004491490831
-0.008245100508 -0.006956895937
-0.00464527737 -0.006350627384
-0.007184762261 -0.008214339799
-0.00562633848 -0.008846913187
-0.003227270732 -0.006358996966
-0.001989263643 -0.007301736054
-0.001729416227 -0.005485658536
-0.003802752373 -0.00862493932
-0.0005123493656 -0.003480874386
-1.788578036e-31 -2.959367791e-33
-0.0005789415951 -0.00455900954
-3.583094223e-31 -7.430981324e-33
-4.200202013e-33 1.717583033e-31
-0.006214982015 -0.0005084145061
-9.826931791e-33 3.439520432e-31
-0.005220218386 -0.0005030500887
-0.00860631224 -0.001846880234
-0.01041068706 -0.001916545488
-0.01299007436 -0.003996080667
-0.01054480827 -0.003767722759
-0.01115858006 -0.008093682834
-0.01132584144 -0.005943279366
-0.01424442846 -0.006464608244
-0.01440846855 -0.009048356349
-0.01020430363 -0.009939563151
-0.01365613553 -0.01145974051
-0.01213687702 -0.01344727546
-0.008618949637 -0.01124321373
-0.006587847872 -0.01175844098
-0.01002662874 -0.01474455648
-0.004358893555 -0.01123418874
-0.007521060947 -0.01509170996
-0.002492948641 -0.01165783244
-0.004903151446 -0.01418138111
-0.0006437530827 -0.005763042774
-0.002245520793 -0.009357728221
-3.58972284e-31 -1.133121046e-32
-0.0007083637931 -0.007095459116
-1.793711453e-31 -4.730246217e-33
-5.604701859e-33 1.721970923e-31
-0.008186095706 -0.0004915551537
-1.261149614e-32 3.453067998e-31
-0.00720599335 -0.0005068102305
-0.012259603 -0.001941550582
-0.01410957688 -0.001930027539
-0.01814219346 -0.004186090372
-0.01553697059 -0.004136398774
-0.02165534721 -0.01033270691
-0.01792992261 -0.009798074543
-0.01734770175 -0.006838887284
-0.02057354501 -0.007064527881
-0.0174689348 -0.01273189591
-0.02157455476 -0.01372777461
-0.02048923778 -0.01698892022
-0.0161208837 -0.01537892186
-0.01140328427 -0.01871792813
-0.01403854913 -0.01746416561
-0.01590435287 -0.02199617012
-0.0185489236 -0.01983695966
-0.008439743889 -0.01883067574
-0.01275897837 -0.02315753577
-0.005437340108 -0.01746023308
-0.009342501086 -0.02298150457
-0.002987706703 -0.01696452723
-3.588455803e-31 -1.594570664e-32
-0.0008382714015 -0.0101376385
-0.005969496735 -0.02107014195
-0.002741908108 -0.01419067257
-0.0007724201645 -0.008552442673
-1.795223206e-31 -6.85906765e-33
-6.909446873e-33 1.730890444e-31
-0.01001636659 -0.0004379615602
-1.508959573e-32 3.475086177e-31
-0.009125463406 -0.0004706356697
-0.01593066182 -0.001876532568
-0.01768099971 -0.001792971128
-0.02330180436 -0.004039106011
-0.02074410471 -0.004154021402
-0.02713555229 -0.00708043785
-0.0294208342 -0.0107507547
-0.02550885829 -0.01064997461
-0.02385764645 -0.007142115355
-0.02589133953 -0.01443265752
-0.03034095397 -0.01484281721
-0.03005535015 -0.01911998964
-0.02516376093 -0.01824161992
-0.02639774527 -0.02716880266
-0.02346489015 -0.021800837
-0.02869893167 -0.02332015469
-0.02093854097 -0.02483365289
-0.01409903787 -0.02806114113
-0.02330127 -0.03036336613
-0.01774751546 -0.02703094379
-0.01957200551 -0.03257514062
-0.000904578867 -0.01185151183
-3.577811238e-31 -2.131216816e-32
-1.792429498e-31 -9.355855344e-33
-0.0009745082093 -0.01369920853
-0.01114750333 -0.03249586652
-0.01024502145 -0.02753326508
-0.01543639893 -0.03342879743
-0.006502299101 -0.02500949438
-0.003240781929 -0.0199725975
-0.007043524656 -0.02928302778
-0.003495238756 -0.02322835943
-8.020874646e-33 1.743785035e-31
-0.01157565054 -0.0003544712087
-1.709323588e-32 3.50420684e-31
-0.01083569302 -0.0004009705759
-0.0257601745 -0.003853208619
-0.01933757135 -0.001672370109
-0.02086270362 -0.001528737487
-0.02808294725 -0.003596367935
-0.03343693589 -0.006562304702
-0.0371254919 -0.01033937768
-0.03331500944 -0.01064481501
-0.03034895554 -0.006882080121
-0.03484044239 -0.01495914596
-0.03931017883 -0.01479381072
-0.0401382762 -0.01973735762
-0.03507677116 -0.01961753807
-3.555991325e-31 -2.749831218e-32
-0.001045658763 -0.0156844346
-1.784535633e-31 -1.224680248e-32
-0.001122100944 -0.01781412782
-0.03972945526 -0.02494997828
-0.03415161218 -0.0243712244
-0.03819204952 -0.0301800628
-0.03218585943 -0.02895805409
-0.02930154267 -0.03308193639
-0.03218598962 -0.03954446858
-0.03563896822 -0.03514835671
-0.02564660418 -0.03642513385
-0.02322658502 -0.04517706488
-0.01677893674 -0.03926044928
-0.02799045491 -0.04301986669
-0.02139640289 -0.03862070609
-0.008164565514 -0.03885288629
-0.01813902083 -0.0455623312
-0.00376250383 -0.02672804885
-0.01206539812 -0.03786399268
-0.007595103438 -0.03389425035
-0.004034581271 -0.03049071422
-0.01299797466 -0.04365254302
-8.865754156e-33 1.759849082e-31
-0.01276146485 -0.000248463678
-1.849656768e-32 3.538646056e-31
-0.0122200618 -0.0003050022556
-0.02224042135 -0.001354355123
-0.03215421762 -0.002910498222
-0.03022438235 -0.003281785945
-0.02343888673 -0.001164128725
-0.03903564167 -0.00558785053
-0.04422773201 -0.009191693233
-0.04078252066 -0.009851314015
-0.0363503601 -0.0061245087
-0.04367297822 -0.01435649398
-0.04785439774 -0.013669617
-0.05003644029 -0.01889672507
-0.0451529223 -0.01949184751
-0.001200394924 -0.02009435216
-0.001285630143 -0.02253421545
-1.770543185e-31 -1.557240281e-32
-3.52070806e-31 -3.459905659e-32
-0.05087198666 -0.02471230053
-0.05045053027 -0.03090640334
-0.04431625026 -0.030827273
-0.04533357924 -0.02505776825
-0.004622341072 -0.03882353117
-0.008752644651 -0.04416678245
-0.009366905627 -0.04985025481
-0.004324749078 -0.03451424353
-0.04885673943 -0.03724021075
-0.03907276899 -0.04188770677
-0.04219387719 -0.03653468534
-0.04617286443 -0.04343432877
-0.03796720487 -0.05410544311
-0.03034531 -0.05014706021
-0.03507100754 -0.04655022314
-0.04250495087 -0.04917650767
-0.01494963642 -0.0565084105
-0.03272618809 -0.05781308656
-0.02094483619 -0.05959733476
-0.02696530101 -0.05982382887
-0.02508138586 -0.05224060426
-0.01952407921 -0.05233737136
-0.01396029761 -0.04986070733
-9.391979325e-33 1.778107337e-31
-0.01350055837 -0.0001275327969
-1.921656178e-32 3.57634937e-31
-0.01319057261 -0.0001902667816
-0.0244489676 -0.000950249049
-0.02524573954 -0.0007276182151
-0.03525119711 -0.002040210302
-0.03383764212 -0.00249597055
-0.04356314621 -0.004250476019
-0.05025743222 -0.007433852732
-0.04740217408 -0.008381387936
-0.04145451522 -0.004956089931
-0.05178769149 -0.01274782523
-0.05540805348 -0.01161991274
-0.05909685582 -0.01675441136
-0.05470918569 -0.01797640127
-0.001373318772 -0.02514157958
-1.749165733e-31 -1.93871425e-32
-0.001469795588 -0.02792830661
-3.469000313e-31 -4.273767061e-32
-0.05625306232 -0.0239308732
-0.06139232716 -0.02274574023
-0.06235993631 -0.02943900519
-0.05649821718 -0.03043512456
-0.005274043915 -0.04832578551
-0.01000694135 -0.05591431274
-0.01068076315 -0.06237767666
-0.004943387734 -0.04341692524
-0.05551272934 -0.0372695477
-0.06205814218 -0.03664919838
-0.06054210192 -0.04414040264
-0.05337132538 -0.04418055014
-0.01704990307 -0.07115331791
-0.01598120758 -0.06359779204
-0.02392028801 -0.07560343735
-0.02240726288 -0.06734724909
-0.05413879036 -0.05885104741
-0.04595140185 -0.05701120375
-0.05787904437 -0.05164695519
-0.05014988321 -0.05087283576
-0.03514461516 -0.06601757665
-0.04386016989 -0.07086176005
-0.03087399147 -0.0765630898
-0.04942739407 -0.06539653631
-0.04089433039 -0.0622070184
-0.03761235681 -0.0747708916
-0.02889561012 -0.06792641936
-9.568734571e-33 1.79748179e-31
-0.01368882881 -6.439913515e-05
-0.01374944262 6.997019033e-07
-1.921281276e-32 3.615115543e-31
-0.001569438699 -0.03090388098
-0.001680246056 -0.03408388256
-3.396997947e-31 -5.207212056e-32
-1.71872955e-31 -2.376142663e-32
-0.02582653245 -0.000488894649
-0.0261740563 -0.0002482839003
-0.03718307926 -0.001047063914
-0.03637174985 -0.001556236905
-0.04673713185 -0.002651796428
-0.05483652754 -0.005210557404
-0.05274789729 -0.006371921779
-0.04533487468 -0.003475029131
-0.05866201623 -0.01030324594
-0.06149730122 -0.00883026132
-0.06675291864 -0.01352873732
-0.06313188426 -0.01526245819
-0.06621039126 -0.02118400263
-0.07063465979 -0.01928714853
-0.07317749906 -0.02601356875
-0.06794851741 -0.0279526091
-0.01138715003 -0.06925331326
-0.006006273473 -0.05912246413
-0.005634225129 -0.0535479072
-0.01213511345 -0.0765646051
-0.06838882425 -0.03540610826
-0.06757848694 -0.04334078405
-0.07441196346 -0.03358541713
-0.07436749785 -0.04181996106
-0.02548838202 -0.08437112025
-0.02711887505 -0.09367012031
-0.01817192978 -0.07917839569
-0.01933977487 -0.08770142779
-0.0730795781 -0.05050652013
-0.07058424088 -0.05937772091
-0.06239795764 -0.05963096496
-0.06556073573 -0.0515116163
-0.03291577887 -0.08573492251
-0.04013825517 -0.08407106285
-0.03501932671 -0.09545704244
-0.04272977177 -0.09393056009
-0.06221605408 -0.07641321213
-0.05815809566 -0.06736481037
-0.05294597961 -0.07432654239
-0.04688116689 -0.08006761273
-0.06694155427 -0.06813443361
-0.05651675403 -0.08380757258
-0.04996032209 -0.0898296662
-9.386347208e-33 1.816849338e-31
-1.848701452e-32 3.652705618e-31
-0.01368623221 6.499599362e-05
-0.01349436486 0.000128670149
-0.02629162999 5.921963817e-07
-0.02617010992 0.0002447774224
-0.03783571198 6.458471565e-06
-0.03767398856 -0.0005247994735
-0.001795240742 -0.03747975006
-0.001924842527 -0.04111241092
-3.299572253e-31 -6.280954112e-32
-1.677036233e-31 -2.878687218e-32
-0.006839827459 -0.07136748315
-0.01292317147 -0.08432535442
-0.01376210881 -0.09256456928
-0.00641561257 -0.06504580564
-0.04836811452 -0.0008970271863
-0.05769066672 -0.002675849772
-0.05649242076 -0.003973207929
-0.04775500183 -0.001785156841
-0.06387521513 -0.007219742583
-0.07254881676 -0.009474029485
-0.06575779535 -0.005505860919
-0.06990743946 -0.01158899327
-0.07805210242 -0.01463328591
-0.07460117892 -0.01708794718
-0.08226616496 -0.02095800511
-0.07797359543 -0.02366709032
-0.08682633198 -0.03681286956
-0.08081551864 -0.0396259724
-0.08003851894 -0.03122845355
-0.08519023619 -0.02839227309
-0.0218580194 -0.1062821082
-0.02057171499 -0.09672540265
-0.02881522919 -0.1035031868
-0.0305834802 -0.1138926457
-0.07858057945 -0.05813262981
-0.0862612834 -0.0559509613
-0.08718078012 -0.04606966303
-0.08031962039 -0.04867196671
-0.04812890545 -0.1153198377
-0.03719818659 -0.1057294872
-0.04539247533 -0.1043427423
-0.03944733767 -0.1165651374
-0.07562840844 -0.06773261104
-0.0806992132 -0.07656731964
-0.07152166667 -0.07714468015
-0.08409181481 -0.06621788322
-0.05310919504 -0.1001442724
-0.06384014917 -0.104393336
-0.07614259668 -0.08666279754
-0.06014754112 -0.09382819877
-0.07048514149 -0.09609131158
-0.05632489482 -0.1110113629
-0.06632501974 -0.08599087091
-8.856046402e-33 1.835093704e-31
-0.01275104716 0.0002488969085
-1.708244798e-32 3.686944505e-31
-0.01318380405 0.000190392202
-0.00206032282 -0.04499629777
-0.00221579669 -0.04916064885
-3.16975913e-31 -7.523471582e-32
-1.621150243e-31 -3.45871219e-32
-0.02581829649 0.0004892297182
-0.02523559271 0.0007227139641
-0.03717252132 0.001057974306
-0.03766895646 0.0005358111515
-0.04836229661 0.0009076948609
-0.05865502918 1.253101149e-05
-0.05841567974 -0.001341683871
-0.04857307808 7.6260358e-06
-0.01465103077 -0.1012957765
-0.01560360858 -0.1105556389
-0.007312384724 -0.07808151031
-0.007804613255 -0.08525241547
-0.03242696968 -0.1248352148
-0.03435069965 -0.1363548312
-0.02464735595 -0.1270308708
-0.02322043296 -0.1163723831
-0.07615371522 -0.004863406944
-0.0671217115 -0.00370813678
-0.06794437296 -0.001861172056
-0.07464123706 -0.007221449846
-0.08911760879 -0.01465471685
-0.08322552783 -0.009114432463
-0.08094067347 -0.01195890675
-0.08599856069 -0.01793764613
-0.09722769075 -0.02957722268
-0.09232279638 -0.03344215616
-0.08979602567 -0.02512671552
-0.0937944929 -0.02149577612
-0.09939401959 -0.03881240297
-0.1002741828 -0.04904866595
-0.0935271637 -0.05289841379
-0.09356633798 -0.0427579492
-0.04418446956 -0.1399209342
-0.05094128916 -0.126846028
-0.05382650377 -0.1389303648
-0.04177885301 -0.127959999
-0.09220477566 -0.06364903094
-0.09986113723 -0.0601088364
-0.08962162713 -0.07474329513
-0.09815170507 -0.07175051407
-0.05961304489 -0.1224222322
-0.06759566064 -0.1154816985
-0.062964003 -0.1343667354
-0.07140620953 -0.127092994
-0.08080704094 -0.09666754821
-0.08580228233 -0.0858727252
-0.09093099195 -0.09563138786
-0.09516672708 -0.08370502483
-0.08550704307 -0.1071551385
-0.07895936911 -0.1178129299
-0.07469992981 -0.1067043284
-8.00974464e-33 1.851155354e-31
-0.01156435427 0.0003539840543
-1.508360365e-32 3.715823014e-31
-0.01221187418 0.0003043475773
-1.547031697e-31 -4.133709821e-32
-0.002380064978 -0.05362465428
-0.00257297266 -0.05843085572
-2.997803756e-31 -8.975798972e-32
-0.0244357638 0.0009483350076
-0.02342709475 0.00115702296
-0.03523425168 0.002045690925
-0.03635880885 0.001563455871
-0.00894738229 -0.101024161
-0.01662086446 -0.120356062
-0.01772100901 -0.1307451173
-0.008362109952 -0.09287093267
-0.0467221781 0.002656739316
-0.05767651228 0.002696373797
-0.05840858311 0.001364370641
-0.0477434873 0.00179732069
-0.06821783294 1.502956637e-05
-0.06793546617 0.001886326587
-0.07736891065 2.205324693e-05
-0.07706792243 -0.002437971682
-0.03845625096 -0.1611067353
-0.03635916531 -0.1484371054
-0.02776290312 -0.1500792374
-0.02616584039 -0.1382542817
-0.05980203813 -0.1646812566
-0.0567834871 -0.1515414335
-0.04923877278 -0.1655008827
-0.04667493028 -0.1524361546
-0.0915848026 -0.01116359313
-0.09336519259 -0.007514743686
-0.08487783469 -0.006136953874
-0.08587368453 -0.00307706574
-0.09977106811 -0.01336810621
-0.1050293701 -0.02064059706
-0.101482295 -0.02528730494
-0.09713392966 -0.01755374002
-0.1118921898 -0.03928452887
-0.1045881881 -0.03430195561
-0.1090856143 -0.0293099746
-0.1064229854 -0.04448265535
-0.1069584663 -0.05567641332
-0.1061861197 -0.0676774409
-0.1136153183 -0.06262144248
-0.1134122472 -0.05044910029
-0.06983210573 -0.1597745941
-0.07526478887 -0.1391899154
-0.06637620621 -0.1468266132
-0.07915140945 -0.1517620818
-0.1124901119 -0.07559715444
-0.1100317322 -0.08910208377
-0.1040994133 -0.08024341739
-0.1007213974 -0.09307372816
-0.08325560657 -0.1293976342
-0.09607727382 -0.1058268033
-0.1012187825 -0.1164271237
-0.09496308901 -0.1294595231
-0.09023356316 -0.1180903279
-0.08756617201 -0.1414242335
-0.1062649484 -0.1028381594
-0.002779477645 -0.06360731763
-0.003030254028 -0.06921952965
-2.76930617e-31 -1.070209033e-31
-1.448954551e-31 -4.930247105e-32
-6.899842974e-33 1.864083573e-31
-0.01000787934 0.0004366497828
-1.261582376e-32 3.737609068e-31
-0.01082971572 0.0003995127117
-0.0222277805 0.001349615133
-0.02085525183 0.001519669953
-0.03213795064 0.00290874515
-0.03382259457 0.00249675016
-0.009624764266 -0.1096980522
-0.01034372171 -0.1190149096
-0.01890928504 -0.1417303877
-0.02021017107 -0.1533783146
-0.04354579106 0.004245823568
-0.05481371087 0.005218825338
-0.05647396407 0.003987230527
-0.04531667409 0.003478881851
-0.0312833634 -0.1755397104
-0.0406492015 -0.1743301674
-0.04293977142 -0.1881314572
-0.02947335459 -0.1624955317
-0.06710440422 0.003732226213
-0.06573427348 0.005519717341
-0.07613054421 0.004899708801
-0.07705605413 0.002478975935
-0.09443906841 -0.003763631299
-0.09478993504 3.871616659e-05
-0.08620225341 2.763991521e-05
-0.08585759179 0.003126740864
-0.06287753111 -0.1782934633
-0.06598966016 -0.192367667
-0.05459802056 -0.1931793075
-0.05188489402 -0.1790905021
-0.07681448511 -0.1869787732
-0.08304910208 -0.1647475441
-0.07332075666 -0.1731768933
-0.08692178119 -0.178119287
-0.1098455319 -0.01056605322
-0.1078294778 -0.01571014006
-0.102818239 -0.004503358932
-0.1016740148 -0.008995042867
-0.1128322428 -0.02391068007
-0.1205561161 -0.02734881838
-0.1157842544 -0.01819112188
-0.1166228891 -0.03354357582
-0.1191449036 -0.0445173462
-0.1263369131 -0.04997977105
-0.1240932301 -0.03798591797
-0.1203598283 -0.05668643038
-0.1187571321 -0.08383376611
-0.1202334321 -0.06987078115
-0.1267859397 -0.07739464707
-0.1272451308 -0.06318691807
-0.09612473325 -0.1666390827
-0.104316371 -0.153301123
-0.09186862647 -0.1538582594
-0.099671839 -0.1412063252
-0.1249524983 -0.09237164258
-0.1217472147 -0.1078126019
-0.1159270046 -0.09830575347
-0.1117739791 -0.1129526943
-0.1063298441 -0.1274033774
-0.1113684683 -0.1387017559
-0.1172058611 -0.1233932089
-0.003306700552 -0.07530905166
-0.003652566621 -0.0819911289
-2.461156049e-31 -1.280990693e-31
-1.318266092e-31 -5.891212807e-32
-0.02163662544 -0.1656848235
-0.02322221899 -0.1787435391
-0.01120039288 -0.1289513802
-0.01212433066 -0.1396904283
-5.598941548e-33 1.873095242e-31
-0.008183253346 0.0004898261659
-9.8446134e-33 3.750978115e-31
-0.009125022505 0.0004686859108
-0.01933153373 0.001665365552
-0.01768333115 0.001783409721
-0.0280751005 0.003587799391
-0.03021485544 0.003275476763
-0.04143780804 0.004949027355
-0.03902474972 0.00557296592
-0.05023530941 0.007425877917
-0.05272573569 0.006371247233
-0.0478449051 -0.2172899568
-0.03532204467 -0.2034766925
-0.03323786525 -0.1891908367
-0.04533968829 -0.2024443402
-0.06384678923 0.007227725814
-0.06146784197 0.008825017491
-0.07250961461 0.009489200201
-0.07460930563 0.007247483685
-0.07225772103 -0.2215834151
-0.06021818252 -0.2226565158
-0.06912877528 -0.2068080073
-0.05738298786 -0.2077222062
-0.09332228522 0.00758001895
-0.09441702455 0.00383691027
-0.08318152441 0.009145513631
-0.08484660903 0.006182504914
-0.1027883366 0.004597163322
-0.1114484462 6.929802651e-05
-0.1110575697 -0.005282760123
-0.1031915202 5.030539939e-05
-0.0944419334 -0.2056725833
-0.08370064957 -0.2155108326
-0.09073911226 -0.1917785628
-0.08028864613 -0.2011227389
-0.1088538939 -0.1656568819
-0.1132144323 -0.1782199535
-0.1002924611 -0.1797098236
-0.1043122556 -0.1929705856
-0.119181478 -0.006107973146
-0.1258765686 -0.0139674408
-0.1236531555 -0.02079328485
-0.1179088237 -0.01222746197
-0.1314327232 -0.02351791143
-0.1314897083 -0.04261282569
-0.1282034648 -0.03095023119
-0.1357601982 -0.03469651098
-0.1387843202 -0.04741874269
-0.1334490007 -0.05566027271
-0.1404441101 -0.06152946391
-0.1340416891 -0.06991549568
-0.1332373563 -0.08517124785
-0.1407013718 -0.07685615908
-0.1310364125 -0.1011601338
-0.1395330516 -0.09315509041
-0.1210159759 -0.1620362989
-0.1162862532 -0.1502745671
-0.1369460975 -0.1101696916
-0.1276305157 -0.1450010508
-0.1329603367 -0.1275663675
-0.1274467284 -0.1175879305
-0.1225149068 -0.1340905395
-0.004038098228 -0.08931171509
-0.004530898334 -0.09744623994
-2.037389939e-31 -1.545792623e-31
-1.140379315e-31 -7.083914389e-32
-0.02499452682 -0.1925267859
-0.0269990934 -0.2071787078
-0.01326042867 -0.1512012411
-0.01449841503 -0.1637395594
-4.19919867e-33 1.877645749e-31
-0.006218770435 0.000506889661
-6.973960292e-33 3.755174761e-31
-0.007212934879 0.0005049656598
-0.05047274464 -0.2325413487
-0.05319966223 -0.2482104957
-0.04003216453 -0.2338259402
-0.03759256924 -0.2183552998
-0.0159357512 0.00186896997
-0.01412462827 0.001922518854
-0.02330823768 0.004026334245
-0.02576311472 0.003841468403
-0.03634409765 0.006107525301
-0.0334405993 0.006540295066
-0.04421667263 0.009168624856
-0.04738645841 0.008364574967
-0.05863307223 0.01028994556
-0.05538427659 0.01159387636
-0.06671003828 0.01351573986
-0.06986547121 0.011589511
-0.07535687911 -0.2365352821
-0.07835852667 -0.251597169
-0.06309811293 -0.2379044059
-0.06598664301 -0.2533365567
-0.07799193046 0.01463262058
-0.09152373322 0.01121346428
-0.08088652213 0.01197807652
-0.08904166412 0.01468689664
-0.09012815987 -0.2445745003
-0.09797987452 -0.219648482
-0.1012575768 -0.2336150783
-0.08700316514 -0.2300503865
-0.1097674539 0.01068637094
-0.09968739562 0.01343327991
-0.111017561 0.005415660002
-0.1016157595 0.009080771864
-0.127628198 0.0001226619468
-0.1191288996 0.006281354762
-0.1272072117 -0.006965398519
-0.1195899211 9.102748342e-05
-0.1210915358 -0.2034889658
-0.1116071923 -0.2196378916
-0.1173293411 -0.1908600665
-0.1081141112 -0.2063322038
-0.1295744187 -0.1857743335
-0.1324783033 -0.1560231019
-0.1369511412 -0.1670854807
-0.1254790441 -0.1739128309
-0.1337494044 -0.01578548546
-0.1351298767 -0.007861026879
-0.1415101686 -0.01766789157
-0.1391122705 -0.02634458815
-0.1504799766 -0.04257571426
-0.1432007999 -0.03857996309
-0.1459413999 -0.0523717342
-0.1466584045 -0.0292724093
-0.1538698195 -0.07373364207
-0.1529014718 -0.05745952279
-0.1471683123 -0.08395916221
-0.1472743392 -0.06756816916
-0.1426121177 -0.1193266893
-0.1456077423 -0.1013108627
-0.1431016039 -0.1478708284
-0.1513727184 -0.1095709866
-0.1479364847 -0.1285815022
-0.1533609708 -0.09119559237
-0.1382118758 -0.1376932546
-0.005086493295 -0.1065414073
-0.005910586048 -0.1170082244
-1.418915115e-31 -1.909023366e-31
-8.946864445e-32 -8.663388491e-32
-0.02929580131 -0.2225804124
-0.03189820741 -0.2389717253
-0.01606268127 -0.1772292044
-0.01779472137 -0.1920825977
-2.810962864e-33 1.877518427e-31
-0.004266675419 0.0004821094727
-4.242843342e-33 3.750225915e-31
-0.005234079263 0.0005020746915
-0.05604138406 -0.2640554783
-0.05893162502 -0.2800470144
-0.04559293559 -0.2662157194
-0.04270943262 -0.2498042916
-0.01227712399 0.001935943248
-0.01043753836 0.001914236342
-0.01816475388 0.004173174998
-0.0207632854 0.004140431243
-0.08122070795 -0.2665108717
-0.08381184303 -0.2811553525
-0.06884789344 -0.2688247427
-0.07160790635 -0.2841021552
-0.03035986494 0.006859738221
-0.02715818115 0.007057553004
-0.037133547 0.01030748268
-0.0407826745 0.009822248552
-0.06309349785 0.01523466831
-0.05177011311 0.01271490567
-0.04784732263 0.01362820598
-0.05906444693 0.01671492028
-0.07057450694 0.01925114734
-0.08217461051 0.02094549346
-0.0745385966 0.01707182623
-0.08591246657 0.0179472546
-0.09298816209 -0.2589367449
-0.1041909334 -0.247339008
-0.1066239124 -0.2606704969
-0.09546673132 -0.2728647855
-0.1048873674 0.02071077365
-0.107716688 0.01580771263
-0.09367384721 0.02151146618
-0.09702918166 0.01759882582
-0.1171878715 -0.2454400551
-0.1243948877 -0.2159171807
-0.1270777413 -0.2280086464
-0.1146786476 -0.2327537277
-0.1257437849 0.01418574452
-0.1271393855 0.007202787577
-0.11563517 0.01832153572
-0.1178059868 0.01238730001
-0.1433764032 0.0002095170023
-0.1355630785 0.000159641824
-0.1350439313 0.008168912875
-0.1429367428 -0.008780077157
-0.1409365157 -0.1780431989
-0.144278145 -0.1887878268
-0.1361527744 -0.2089326241
-0.1331818594 -0.1975107765
-0.1513038638 -0.1679928989
-0.1570968733 -0.1469958525
-0.1528123012 -0.1378301211
-0.1475138179 -0.1580175351
-0.1540287255 -0.03227588852
-0.150591567 -0.009727961321
-0.1491292487 -0.01961268366
-0.1565561346 -0.02160260084
-0.1642993686 -0.0508300557
-0.1595949917 -0.06263872265
-0.1611556731 -0.03534992769
-0.1575401153 -0.0466705808
-0.160148097 -0.07999529438
-0.165925013 -0.06788686755
-0.1591875379 -0.09849578658
-0.1567255582 -0.1178814761
-0.1659996755 -0.08629216013
-0.1615351919 -0.1261456226
-0.1645254986 -0.105812862
-0.007094112532 -0.1287759221
-0.008432079902 -0.1430981883
-4.271247171e-32 -2.438345763e-31
-5.242422511e-32 -1.087182409e-31
-0.03488317366 -0.255987885
-0.0383022099 -0.2738073292
-0.02017724883 -0.2080752117
-0.0229065131 -0.226012082
-1.559883279e-33 1.872945885e-31
-0.00249791037 0.0004114867321
-1.918025627e-33 3.737246769e-31
-0.003350723858 0.0004549204424
-0.0618688315 -0.2957479703
-0.06463463197 -0.3111063278
-0.05193011236 -0.2995026149
-0.04869820281 -0.2829417298
-0.008633561796 0.001845889281
-0.006916343342 0.001741415347
-0.01302563732 0.003987133222
-0.01557129028 0.004125377314
-0.08603404622 -0.2950916603
-0.08762067601 -0.3080841058
-0.07416323465 -0.2989336894
-0.07634112476 -0.3128465111
-0.02388769093 0.007121371747
-0.0206138368 0.00704844046
-0.02945087496 0.01071979988
-0.03333646685 0.01061189185
-0.09739806631 -0.2861375609
-0.1084104879 -0.2732636515
-0.1092886847 -0.2848857544
-0.09856652403 -0.298298733
-0.0500263507 0.01884121491
-0.05468769998 0.01792658916
-0.04367622811 0.01431247229
-0.03932658018 0.01474850251
-0.06134851552 0.02268207269
-0.07309114387 0.02595784456
-0.07788208551 0.02363114733
-0.06615630141 0.02113445264
-0.08505648324 0.02835141272
-0.1013169872 0.02532335508
-0.09704723446 0.02957846471
-0.0896657544 0.02511650345
-0.1189525784 -0.2575007923
-0.1197479183 -0.2685828583
-0.1289764048 -0.2394933358
-0.1298447107 -0.2501705022
-0.1203107682 0.0274923621
-0.1234599837 0.02097825747
-0.1088643794 0.02936508908
-0.1126434925 0.02400932616
-0.1468109997 -0.1991190089
-0.1483109226 -0.20888046
-0.1394270025 -0.2300945203
-0.1383073283 -0.2198831752
-0.142829744 0.009188026753
-0.1311870564 0.02376242086
-0.1413001273 0.01804764543
-0.1335807938 0.01607214331
-0.1584927032 0.0003415964742
-0.151036963 0.0002675178977
-0.1504604929 0.01024783703
-0.1580484668 -0.01068783648
-0.1632271172 -0.1645405224
-0.1563089981 -0.1868874647
-0.1543037479 -0.1776808883
-0.160635206 -0.1559363721
-0.1688933657 -0.1421674184
-0.1692386806 -0.1130518351
-0.165652521 -0.1342852821
-0.1731541053 -0.1201425338
-0.1679599487 -0.03846174633
-0.1637270631 -0.02363300503
-0.1705527794 -0.02568153809
-0.165235762 -0.01166407834
-0.1770218506 -0.07837823541
-0.1743339052 -0.04160001953
-0.1765032239 -0.05923195344
-0.1706621942 -0.05503293806
-0.1717812858 -0.07314546572
-0.1758914813 -0.09876971938
-0.1713000095 -0.09257833369
-0.009429925605 -0.1589806693
-0.01085785508 -0.1761498318
1.098168899e-31 -3.125129435e-31
1.021514185e-32 -1.396126406e-31
-5.798824454e-34 1.864793226e-31
-0.00109074363 0.0002950927151
-2.743274806e-34 3.718870816e-31
-0.001739204375 0.0003609752777
-0.04235199924 -0.2918485528
-0.04658373821 -0.3112114789
-0.0262350292 -0.2461484894
-0.02912885358 -0.2671776176
-0.06712064671 -0.3250387218
-0.06866206342 -0.3371291054
-0.05829702821 -0.3298740842
-0.05523435815 -0.3153847231
-0.005311853708 0.001586263033
-0.003874091394 0.001398100505
-0.008305596816 0.003445598502
-0.01058799075 0.003762877437
-0.08832922984 -0.3194603591
-0.0876216853 -0.3288274372
-0.07784704766 -0.3254928811
-0.07823401974 -0.3357802794
-0.01739281691 0.006826904909
-0.01429489426 0.006461813681
-0.02170359945 0.01031295242
-0.02555073233 0.01062372026
-0.09864747165 -0.3090050966
-0.1089962484 -0.2950164275
-0.107071292 -0.303299923
-0.09721566921 -0.3175546032
-0.03038066305 0.01480802507
-0.04015631711 0.01968256146
-0.04515728043 0.01943415093
-0.03486828048 0.0149172908
-0.1192765615 -0.2784094204
-0.1294256548 -0.2596685257
-0.1273404298 -0.267703996
-0.1171661422 -0.286467671
-0.06229779269 0.02935502968
-0.06787199497 0.02787956362
-0.05622222744 0.02386073009
-0.05085636189 0.02463848873
-0.08663898663 0.03674492518
-0.07429062695 0.03349745168
-0.09213415033 0.03340676158
-0.07990823881 0.03116392885
-0.116333533 0.03363600773
-0.111571245 0.03932324506
-0.09913612072 0.03877894155
-0.1043442301 0.03431568688
-0.1392431655 -0.2393521487
-0.1485383563 -0.2178043533
-0.147173062 -0.2256766488
-0.1374310936 -0.2472926246
-0.1278901278 0.03114623873
-0.1237224288 0.03811779942
-0.1388055209 0.02667607437
-0.135368146 0.03496665124
-0.1646441959 -0.1800241025
-0.1563351031 -0.2031262826
-0.1570813391 -0.1954549011
-0.1646550096 -0.1726204977
-0.1488714974 0.02010074685
-0.1462816602 0.0297006963
-0.1562452161 0.02222995584
-0.1578904389 0.01135570215
-0.1725005814 0.0005303540862
-0.1656776884 0.0004264685486
-0.1650480303 0.01249693561
-0.1720692781 -0.01263712321
-0.1760806851 -0.1269597648
-0.1718703233 -0.1566613621
-0.1710496304 -0.1496845406
-0.1777834279 -0.1334051685
-0.1849819069 -0.08848175421
-0.1822043204 -0.1105615824
-0.1814873428 -0.08350821078
-0.1795981923 -0.1048012924
-0.1827229191 -0.02977889022
-0.1801545047 -0.04472266757
-0.1769297155 -0.02773977903
-0.178436128 -0.01360984213
-0.185266729 -0.04781006946
-0.1816816254 -0.06339539313
-0.1860202211 -0.06746036163
-3.264264584e-37 1.854790401e-31
-0.0002088760858 0.0001421291714
4.341840362e-34 3.700174586e-31
-0.0005732875912 0.0002238223115
-0.01359784624 -0.1998013613
-0.02083898274 -0.246947773
6.018309796e-31 -5.664902665e-31
9.228435963e-32 -2.200558983e-31
-0.05123459168 -0.3267421792
-0.0531166565 -0.337885739
-0.03276470693 -0.2856239527
-0.03586134085 -0.3059791403
-0.002623275512 0.001160918888
-0.001607732079 0.0009025293496
-0.004416900723 0.002562303445
-0.006232460493 0.003045056786
-0.06860572117 -0.3459135127
-0.06536377256 -0.3506132176
-0.06050158722 -0.3490347115
-0.06044308754 -0.342619914
-0.08493650582 -0.3349647779
-0.07905650442 -0.3371805861
-0.07665739399 -0.3430257327
-0.07188533132 -0.3455574417
-0.01798443548 0.009787710626
-0.01137650224 0.005944579477
-0.008705129107 0.005292111292
-0.0144650135 0.009046874768
-0.09365425448 -0.3234449637
-0.1030201346 -0.3090069897
-0.0960291369 -0.3116216361
-0.08710325967 -0.3255350945
-0.02594004858 0.0144070435
-0.0216296871 0.0137162358
-0.03009912287 0.019084003
-0.03510838767 0.01957013788
-0.1129152534 -0.292381297
-0.1231781617 -0.2737818255
-0.1058921553 -0.2954529984
-0.1163466616 -0.2775221058
-0.03974564286 0.02488880339
-0.05042476533 0.0308192116
-0.04533426853 0.02498782872
-0.05645261296 0.03034567529
-0.1335889117 -0.2536357446
-0.1272283657 -0.2579124237
-0.1381650351 -0.2369634631
-0.1438675895 -0.2321551368
-0.07420420598 0.04170220345
-0.08063552386 0.0395289089
-0.06828271152 0.03530457522
-0.06197034664 0.03653853992
-0.09992482801 0.04897796631
-0.086925949 0.04595765491
-0.1060803894 0.04446457787
-0.09330581523 0.04268484691
-0.1187308079 0.0445850318
-0.1258147874 0.05009323359
-0.1310238718 0.04280748638
-0.1129677365 0.05044472103
-0.1537362898 -0.2096977306
-0.1628949489 -0.1865143235
-0.1590360412 -0.1918947844
-0.1488884546 -0.2148470924
-0.1427177369 0.0389364157
-0.1498953265 0.043045988
-0.1382091301 0.04768210578
-0.1535734852 0.0328347147
-0.168322388 -0.1683538808
-0.1710727907 -0.1629575801
-0.1764307202 -0.1445761626
-0.1780035719 -0.1393204797
-0.1718495186 0.01367707488
-0.1606137229 0.03605386108
-0.1633571763 0.0244200391
-0.1701195342 0.02666511
-0.1846042285 0.0007848913638
-0.1788552751 0.000647102802
-0.178182497 0.01487790219
-0.1842070943 -0.01455954561
-0.1872873646 -0.09320104092
-0.1834717597 -0.1159634379
-0.1831152789 -0.1208659283
-0.1881442487 -0.09759228257
-0.191355921 -0.07508110598
-0.1919182334 -0.03372360492
-0.1893243228 -0.07138242006
-0.1877819781 -0.03178562214
-0.1894956791 -0.05080928436
-0.1892210676 -0.01548710592
-0.1926308395 -0.05369047107
-0.04137995869 -0.2615205314
-0.01147023961 -0.2731907622
2.796524444e-30 -7.068699859e-31
3.491552118e-31 -2.820254901e-31
1.133229585e-34 1.846232855e-31
6.771323198e-05 -1.135354584e-05
1.517502824e-34 3.690063414e-31
1.418057685e-05 5.872570784e-05
-0.0008345167807 0.000609547635
-0.0003255487482 0.0003282237603
-0.001701345742 0.001429756809
-0.002893151695 0.002017287058
-0.04920994147 -0.3400146791
-0.02956636592 -0.3309592109
-0.04229490601 -0.3275146525
-0.03954588126 -0.3068823462
-0.05691920333 -0.3469996985
-0.03814689893 -0.3330092026
-0.0355516938 -0.332238502
-0.05416309229 -0.3477350417
-0.008298076216 0.006974036689
-0.01121273546 0.008103280788
-0.006332081921 0.004505347991
-0.004307629233 0.003621647968
-0.06862027723 -0.3337752414
-0.05110603828 -0.3237740801
-0.06211258291 -0.3422981364
-0.04408251672 -0.3297101916
-0.0762877454 -0.3231184003
-0.08515946319 -0.3101412179
-0.06895908345 -0.3038492703
-0.05950680311 -0.3147000523
-0.01752749082 0.01273242269
-0.01371262332 0.01147725068
-0.02054801991 0.01698495944
-0.02521541349 0.01822099453
-0.09525463523 -0.2952098567
-0.1061836429 -0.2783156558
-0.09176656936 -0.275703462
-0.07991901823 -0.2907626859
-0.02874074988 0.02329257578
-0.03820450243 0.03011783093
-0.04430854818 0.03074910091
-0.03418285621 0.02432430597
-0.1044102995 -0.2586857651
-0.1174076502 -0.2400084689
-0.1177462477 -0.2597791139
-0.1295614023 -0.2396912849
-0.06042623472 0.04400772944
-0.0488138403 0.03714020453
-0.06743494532 0.04321005722
-0.05544771312 0.03716082629
-0.1413274339 -0.2183278835
-0.1526604886 -0.19588452
-0.143274272 -0.1982484338
-0.1305076963 -0.2197663928
-0.08593222525 0.05579403679
-0.09318031165 0.05277927292
-0.08008146286 0.04853351786
-0.07286371922 0.05034798835
-0.1065004408 0.05560770604
-0.1197959098 0.0567133021
-0.1130310365 0.06256532107
-0.0994025388 0.05997663607
-0.1452431725 0.05273297179
-0.1328011073 0.05582692147
-0.1265429467 0.06324558446
-0.13965549 0.0617711986
-0.1632431508 -0.1726780349
-0.1664832149 -0.1523812315
-0.1553978025 -0.175674307
-0.1727239362 -0.1489827795
-0.1568422998 0.04727151319
-0.1634796695 0.05159498236
-0.1673242998 0.03935062634
-0.1520666931 0.05792846065
-0.1762283376 -0.128674745
-0.1843180815 -0.1049396371
-0.1808227038 -0.1251589273
-0.1872653147 -0.101536732
-0.1735988613 0.04269228892
-0.1839185453 0.01610202812
-0.1764291015 0.02894439496
-0.1821529573 0.03124568357
-0.1895944112 0.0009363205648
-0.1932959317 -0.01636667525
-0.1936341715 0.001109000299
-0.188897534 0.01732661921
-0.1918573616 -0.07849784999
-0.1946393353 -0.05886411906
-0.1905212145 -0.08153473664
-0.1944367346 -0.05638921996
-0.1965564306 -0.03729226806
-0.1949265665 -0.0355739073
-0.1962147681 -0.01719663426
9.224745505e-32 9.224745505e-32
5.109336025e-05 -5.074027528e-05
0.1672174306 -0.1719264308
1 7.471406106e-31
0.02945746768 -0.2459659735
0.02659471958 -0.2815010538
-6.911666308e-05 7.121534019e-05
-0.0008366934402 0.0008431006904
-0.002667370381 0.002663886719
-0.005766579657 0.005694295171
0.006844093053 -0.301785893
-0.00272375444 -0.3043803525
-0.01306670261 -0.305805447
-0.02332835203 -0.3045047145
-0.01025860218 0.009967050807
-0.01617812854 0.01539350093
-0.03427167204 -0.2996111374
-0.0456963785 -0.2917211575
-0.05848547303 -0.2815638397
-0.07204048986 -0.2690063648
-0.02351601774 0.02179403631
-0.03221182794 0.02891748076
-0.08632394271 -0.2542637374
-0.1009786153 -0.237482075
-0.04217523614 0.03645306477
-0.0532813939 0.04405569679
-0.115791684 -0.2188933244
-0.130334328 -0.1986840928
-0.07827521065 0.05794831006
-0.06537603029 0.05134837317
-0.1442969141 -0.1771481113
-0.1572708701 -0.154562026
-0.09176270939 0.06346863558
-0.105595909 0.06754282211
-0.1195006697 0.06982862657
-0.1331832083 0.07002854857
-0.1586120327 0.06325062912
-0.1463278009 0.06789611204
-0.1689345246 -0.1312839625
-0.1789370288 -0.1076658186
-0.1793166709 0.04606288156
-0.1697122019 0.05598268614
-0.1929345633 -0.06104050226
-0.1870185263 -0.08411944869
-0.187142257 0.03354085673
-0.1929385879 0.01855004446
-0.196516126 0.00129391053
-0.1965402968 -0.03885366769
-0.1977344662 -0.01794852622
-0.007227777122 0.008255326356
-0.188978652 -0.0628653504
-0.01219568952 0.01347765667
-0.1809664385 -0.08614066913
-0.1707098141 -0.1096028233
-0.1584869523 -0.1328034202
0.09877728143 -0.2374934454
-0.01860158417 0.01985406379
-0.1445853447 -0.1553465569
0.03805571458 -0.2682472487
-0.02643890214 0.02715355732
-0.1293834153 -0.1768326459
-0.1131965947 -0.1969409828
-0.09644334803 -0.2153321395
-0.0356394251 0.03509147303
-0.07937481078 -0.2317678463
-0.04611468582 0.04332804914
-0.06241510738 -0.2459626499
-0.04558635191 -0.2577527746
-0.02917944221 -0.2667944795
-0.05772651107 0.05148853355
-0.01295252007 -0.2730771089
-0.07031620039 0.05918110631
0.002723880312 -0.2759115847
0.01990316446 -0.274286849
-0.0836763548 0.06599788639
0.06199753088 -0.2609950189
-0.0975781988 0.07155034246
0.1705566088 -0.1745445569
0.2778997624 -0.0984933247
-0.1117461878 0.07545443417
-0.1258865721 0.07738097855
1.229517493e-05 -6.806631695e-05
-0.1945589371 -0.04020688785
-0.1396682212 0.07702669147
-0.1527525757 0.0741752454
-0.164783928 0.06865504397
-0.1958263991 0.01974397295
-0.0003215699431 0.0003256297269
-0.1754186021 0.06040469161
-0.1843254448 0.04941853969
-0.1912109395 0.03580937165
-0.001428769357 0.001710084577
-0.003677340657 0.004315783116
-0.197986564 0.001497341217
-0.197575291 -0.01861780679
1 1.487068015e-30
3.689768487e-31 -1.492987461e-34
1.843710528e-31 -1.144937867e-34
-5.608732551e-05 -1.760699178e-05
0.4763639463 -0.06008079758
1 1.131600043e-31
0.1727088992 -0.1931541975
0.2769453749 -0.131910649
-0.000604517157 0.0008336103181
-0.002043454328 0.00291631545
-0.008665561139 0.01128782512
-0.004680665163 0.006394073136
0.1197940075 -0.2182122164
0.08524918269 -0.2334736404
0.03214544497 -0.246989522
0.05610665952 -0.2430585059
-0.01409291826 0.01750102847
-0.02098354114 0.02484594243
-0.01077745552 -0.2414710557
0.01015087726 -0.2460512188
-0.05158820993 -0.2225172194
-0.03137234435 -0.233496724
-0.03903875205 0.04180856385
-0.0293212158 0.03305515557
-0.09115619323 -0.1927470433
-0.07161383783 -0.2088365973
-0.06216736716 0.05943584812
-0.05003502847 0.05073417021
-0.1278818275 -0.1545327962
-0.1100368756 -0.1745372029
-0.08907571213 0.07449098184
-0.07525426 0.06749360471
-0.1443948297 -0.1330956761
-0.1591875607 -0.1106109424
-0.1033691361 0.08001829463
-0.1178384366 0.08369740134
-0.1321490748 0.08518971749
-0.1459444884 0.08421557144
-0.1704756851 0.07411068971
-0.1588467626 0.08056525043
-0.182393803 -0.06425812044
-0.1719595338 -0.08751601689
-0.1804605509 0.06481420051
-0.1884538864 0.05273222589
-0.1954263103 -0.01917484628
-0.190276542 -0.04132128437
-0.1941571439 0.03801415875
-0.1973195498 0.02090112921
-0.1977766995 0.001708407564
-0.01595663386 0.02203421417
-0.1727649021 -0.06515655443
-0.1595397257 -0.08813114187
-0.1438776164 -0.1105701132
-0.02333091749 0.03036948409
-0.1261152698 -0.1319877212
0.2439399303 -0.1533955597
-0.03217999987 0.03949946692
-0.1065541888 -0.1519473964
0.1312855245 -0.2015380852
-0.08557478485 -0.1700349879
-0.06340427063 -0.1858847813
-0.0424230549 0.04906662007
-0.04035352979 -0.1991407463
-0.0539560948 0.05867330566
-0.0164228323 -0.2094851691
0.008280299125 -0.2165378002
0.03435655696 -0.2198457565
-0.06661321599 0.06788981599
0.06209661976 -0.219008385
-0.08020179062 0.07628291777
0.09353288696 -0.2133395656
0.1801723392 -0.182112201
-0.09446672309 0.08340852441
-0.109125132 0.08885802769
0.3559733796 -0.1009071598
0.5722916813 -0.04001477868
-0.1238366992 0.0922366181
-0.138239676 0.09322505303
-0.0001393318454 0.0002007739581
-0.1833023572 -0.04214178268
-0.1519319237 0.09154358646
-0.1645070261 0.08702335158
-0.1955643967 0.001931112585
-0.1971406036 0.0219873461
-0.0009066684057 0.001611968799
-0.175549243 0.07955600966
-0.1846660797 0.06916582335
-0.1914960571 0.05594654559
-0.002654759349 0.004489578076
-0.1957332293 0.0401245652
-0.005669164304 0.008898914767
-0.1909404445 -0.01961190777
-0.01007215367 0.01480022951
1 1.428735975e-31
3.679656297e-31 -4.432972506e-34
1.835077094e-31 -1.016880266e-35
-0.000221945392 0.0005613986008
0.6342467589 -0.02977910151
1 9.392826963e-33
0.313245468 -0.1234140993
0.4313750088 -0.0806649467
-0.001194631003 0.002655452928
-0.003250754984 0.006413290047
-0.01144747805 0.01877823018
-0.006627396735 0.01182341836
0.1754235017 -0.1731696762
0.2338691875 -0.1520966864
0.09205058068 -0.193144748
0.129928419 -0.1860648718
-0.01778687355 0.02706842574
-0.02565545151 0.03641802956
0.05827590414 -0.1950445774
0.02742324894 -0.1925905806
-0.001587240601 -0.1861253604
-0.0290682146 -0.1762199254
-0.03502393757 0.04647949011
-0.04580940677 0.05686377614
-0.05524187893 -0.1631879281
-0.07995401555 -0.147444325
-0.07107674998 0.07684722996
-0.05788574381 0.06713626555
-0.1030670969 -0.1293569239
-0.1242518501 -0.1093593253
-0.0998450451 0.0927385764
-0.08515491442 0.08553163247
-0.1596417994 -0.06548343804
-0.1432268849 -0.08790261336
-0.129703892 0.1010459025
-0.1148176786 0.09803793106
-0.1440905057 0.1014386065
-0.1575431805 0.09896997117
-0.1798508506 0.08494297133
-0.1696111033 0.09348817536
-0.1732309985 -0.04263400491
-0.1837358422 -0.01990088287
-0.1932214283 0.05902107664
-0.1878462157 0.07339666899
-0.1910145437 0.002152800141
-0.1949806275 0.0229884835
-0.1956770647 0.04209363246
-0.1224995712 -0.08673229555
-0.02796800061 0.04299251644
-0.09974993865 -0.1068705549
0.685205485 -0.02450695488
-0.07463637221 -0.1250846126
-0.0378725464 0.05400022138
-0.04738680678 -0.1409009094
-0.01825391512 -0.1539012481
-0.04920810278 0.0651975655
0.2165704702 -0.1483399511
0.1646957916 -0.1617306374
0.01279646166 -0.1636568194
0.04579973006 -0.1698032017
-0.06184023751 0.07612537355
0.08139997046 -0.1718620269
0.1204024152 -0.1694066591
-0.07555793121 0.08629557073
-0.09011488153 0.09523097847
0.2820810752 -0.127587286
0.3694273024 -0.09988547343
-0.1051874426 0.1024508533
0.4939267847 -0.06333964321
-0.1204168938 0.1075305336
-0.1353777615 0.110072354
-0.0003003994614 0.001085133179
-0.1425452096 -0.06517350842
-0.1496212233 0.1097815179
-0.1596051355 -0.04274538482
-0.1626599058 0.1064211651
-0.1740092437 0.09989546088
-0.00148063109 0.003972227502
-0.1831914494 0.09018873204
-0.1897688384 0.07744281726
-0.003826543925 0.008692838171
-0.1933626023 0.0618834891
-0.1936719918 0.04387966141
-0.007563923096 0.01516610761
-0.1904954328 0.02386532928
-0.1837344151 0.002374106302
-0.01279601626 0.02322272882
-0.1733989692 -0.02003085963
-0.01959905712 0.03260581786
1 -6.506202778e-32
3.6603514e-31 2.247463797e-34
1.824420966e-31 5.61711725e-34
-0.000377034437 0.001755438158
0.7249709648 -0.01867736191
1 -7.095814972e-32
0.5439585415 -0.05037751382
0.4175753392 -0.08196529816
-0.001749001838 0.00554265039
-0.004384698067 0.0113127895
-0.01412702788 0.02812534669
-0.008475540233 0.0189140503
0.3255761109 -0.107582329
0.2546360011 -0.1271346745
0.1469926727 -0.1478625819
0.1965906773 -0.1401740951
-0.02139796448 0.03863849347
-0.03028351782 0.05009111978
0.1030611892 -0.1503447041
0.0631716395 -0.1483467382
-0.008132436093 -0.1323024601
0.0262405059 -0.1421636261
-0.05263398911 0.07406760754
-0.04073264073 0.06205479445
-0.0697856794 -0.1030391341
-0.04017322149 -0.1191017111
-0.08006137375 0.09622745127
-0.06581972184 0.08562784618
-0.120965661 -0.06416829921
-0.09681759583 -0.08455171669
-0.1104735398 0.1125222882
-0.09506357173 0.1053538644
-0.1594813441 -0.01997964103
-0.141957097 -0.04244183446
-0.1407938941 0.1192720508
-0.1258714403 0.1172878183
-0.154729873 0.1181838252
-0.1671530355 0.113834803
-0.1853606784 0.0952246946
-0.1775321656 0.106161175
-0.183305064 0.02459633261
-0.1733224903 0.002581369802
-0.1901861751 0.08122323278
-0.1893899917 0.04542636609
-0.1916214148 0.0644787356
-0.03261153848 0.05771548086
-0.03376568455 -0.0978006598
-0.04362268337 0.07065071641
0.0009588845923 -0.1114062484
0.03853593513 -0.1216415687
0.07904418993 -0.1281397157
0.4587145968 -0.06798667025
-0.05609138068 0.08346886136
0.1230340607 -0.130450847
-0.06983469238 0.09564292756
0.1712891847 -0.1282931507
0.2256020266 -0.1211304456
0.2883934094 -0.1088685328
-0.0845751428 0.1066211687
0.36395979 -0.09092605247
-0.09998914047 0.1158805568
0.5837260352 -0.04024600481
0.7552912955 -0.01414408915
-0.1156596736 0.1229051485
-0.1311269239 0.1272628161
-0.0004483862395 0.002571503464
-0.06562682497 -0.08130907452
-0.1458576501 0.1285671842
-0.1592960401 0.1265709529
-0.1708574147 0.1211091763
-0.141513446 -0.01973356522
-0.00201297896 0.007370292042
-0.1799730875 0.1121947318
-0.1861092194 0.09994358647
-0.1887961889 0.08465392181
-0.004926649995 0.01427120606
-0.1876625707 0.06672034664
-0.00937604069 0.02306979653
-0.1824412995 0.04668189852
-0.1729991094 0.02514001691
-0.1593213337 0.002770850512
-0.01544796017 0.03348719191
-0.02320138985 0.04517336262
-0.1197809035 -0.04168373838
-0.09438120597 -0.06241085714
1 -1.81896213e-31
3.639713479e-31 1.849672517e-33
1.814477786e-31 1.58117697e-33
-0.0005180533051 0.003523327352
0.779536658 -0.01099855801
1 -1.097355183e-31
0.4939899717 -0.05669668538
0.6172542962 -0.03310624292
-0.002263976769 0.009437046002
-0.005459305409 0.01755865972
-0.0167704252 0.03930550955
-0.01026546289 0.02762255195
0.3974234293 -0.07704211663
0.318468648 -0.09318815671
0.2516584661 -0.1042753528
0.1933042544 -0.1105730105
-0.03496651552 0.06586723988
-0.02501336666 0.05220428728
0.1410018243 -0.1120459047
0.09332982695 -0.1091338527
0.04942352364 -0.1020352272
0.00890535474 -0.09119624481
-0.04654445769 0.07977978015
-0.05959082088 0.09339954247
-0.02836242129 -0.0769746109
-0.0622539741 -0.05988390415
-0.07387521826 0.1061505298
-0.08909364503 0.1174607978
-0.1189967397 -0.01928264527
-0.0925675278 -0.04044406573
-0.1048561661 0.1267687763
-0.120705501 0.1335594232
-0.1412716791 0.002929787514
-0.1591301109 0.02546826866
-0.1504701585 0.1378896853
-0.1361040703 0.1373843785
-0.163175928 0.1348449659
-0.173592036 0.1281551538
-0.1851593974 0.1042542017
-0.1811063747 0.1178856029
-0.181114031 0.06853975564
-0.1724304929 0.0475839609
-0.1852846056 0.08763595278
-0.04951396799 0.08944971586
0.05878805301 -0.08324664133
0.1057876104 -0.09117749578
0.7989357053 -0.009015148012
0.1568910268 -0.09496280354
-0.06312878516 0.1038487924
0.2127563713 -0.09442485052
-0.07794450872 0.1171426527
0.2747514217 -0.08925895436
0.3448541928 -0.07958110576
0.4263710575 -0.06531044035
-0.09359036934 0.1287097695
0.5239388423 -0.04751368316
-0.1096362732 0.1379815041
0.6446797042 -0.02725333185
-0.1255418966 0.1444121568
-0.1407168445 0.1475782835
-0.0005838945641 0.004608453451
0.01550520058 -0.07158138845
-0.1544960475 0.1471286217
-0.1661978313 0.1428985899
-0.05979903214 -0.03871074485
-0.09143079792 -0.01861144404
-0.002513792983 0.01174735576
-0.1751341666 0.1348371659
-0.1806555028 0.1231136079
-0.1821920778 0.1080243925
-0.158897635 0.04807465468
-0.00598532421 0.02117456015
-0.1792711231 0.09006703422
-0.01115830328 0.03257979151
-0.1715699907 0.0698412118
-0.1412311458 0.02554318012
-0.01810112153 0.04558395919
-0.118670307 0.003049399135
-0.02685160653 0.05974251652
-0.02406169312 -0.05655526848
-0.03735428627 0.07454820391
1 -2.416529159e-31
3.621923884e-31 4.311500753e-33
1.806662921e-31 2.999043837e-33
-0.0006490964835 0.005820616843
0.8145337162 -0.007337511541
1 -1.306739482e-31
0.5495403861 -0.03993794575
0.6679870486 -0.0227751374
-0.002756800548 0.01428845624
-0.00651196993 0.02511516945
-0.01205424703 0.03793470466
-0.0194515252 0.05232467157
0.3679293857 -0.0676843438
0.4514936772 -0.05539425473
0.2949520728 -0.07581296865
0.2297715827 -0.0796579136
-0.02871691549 0.06778324381
-0.03978742442 0.08376151207
0.1706227149 -0.07903091717
0.1164014874 -0.07415171756
0.02070699283 -0.05247633761
0.06650271504 -0.06516816353
-0.0667104531 0.1148100302
-0.05252622178 0.09964834146
-0.02096531234 -0.03647313989
-0.05830138939 -0.01773002579
-0.09804716245 0.1403382833
-0.08202044072 0.1285870915
-0.0910224983 0.00312129041
-0.1188026403 0.0253331197
-0.1142727809 0.1494543017
-0.1301029255 0.1553993873
-0.14138618 0.04809332843
-0.1585836705 0.07054786497
-0.1448509103 0.1577422905
-0.1577918943 0.1561848381
-0.168165862 0.1505996394
-0.1752377629 0.1410354237
-0.1768514713 0.111141711
-0.1783278823 0.1277403269
-0.1703696206 0.09183502348
0.2442848835 -0.06603279189
-0.07032292956 0.1262620743
0.3123453891 -0.06365290816
0.3878046534 -0.05717636255
-0.08609735885 0.1404632879
0.4730160476 -0.04681253506
0.5713072504 -0.03364331801
-0.1024193785 0.1522873501
0.6873432917 -0.01896270207
0.8275583446 -0.006114348819
-0.118715651 0.1611248601
-0.1342866513 0.1664131918
-0.0007125595835 0.00715989586
0.1821690629 -0.06405785653
-0.14837797 0.1677658896
0.1250467849 -0.05789071938
-0.1601699442 0.1649053957
-0.1688417536 0.1578019439
-0.003003190988 0.01706768865
-0.1736092977 0.1465770647
-0.1737630167 0.1316166217
-0.05781666485 0.003131733224
-0.0913451286 0.02481355345
-0.00704162588 0.02938430684
-0.1687404828 0.1134541617
-0.1581177736 0.0928269814
-0.01296759158 0.04369988468
-0.1416838444 0.07056599476
-0.119381163 0.04758478694
-0.02082618493 0.05953427626
-0.03062644371 0.07634094875
-0.01912176754 -0.01662266404
0.02440365246 -0.03376396377
-0.04226702254 0.09350726793
0.07250684827 -0.04765955096
-0.05559446189 0.1103808134
1 -2.768962496e-31
3.609344542e-31 7.526514048e-33
1.80190532e-31 4.783930053e-33
-0.0007765153647 0.00862235025
0.8383202197 -0.005041717961
1 -1.451878267e-31
0.7037925443 -0.01593635948
0.5897993277 -0.02827575971
-0.003248147962 0.02007769148
-0.007581015005 0.03398284133
-0.02223585894 0.06721845156
-0.01389613682 0.04987208807
0.4047926503 -0.0478023705
0.4914619137 -0.03937727705
0.3270981029 -0.05257786551
0.2564115172 -0.05336039058
-0.03257663305 0.08541039876
-0.04480364128 0.103787788
0.1915321735 -0.04988427049
0.1317410493 -0.04225028841
0.02658159535 -0.01532779445
0.07675528059 -0.03059957125
-0.07396529139 0.1381893153
-0.05870568942 0.1216272202
-0.05833982636 0.02395519112
-0.01856348278 0.003081812563
-0.106672841 0.1645065589
-0.09013834241 0.152720475
-0.1203584506 0.06982183149
-0.0923840015 0.04650352491
-0.1379928584 0.1773573295
-0.1228811305 0.172897699
-0.1574166927 0.1148356764
-0.1420579457 0.09292957362
-0.1511383132 0.1775067655
-0.1614276969 0.1731534506
-0.1699214933 0.151311247
-0.1679640745 0.1643344653
-0.1665904353 0.1345800684
-0.07761332867 0.1505539146
0.5069966271 -0.03277821999
-0.09412635238 0.1653185066
0.6054395255 -0.02368102389
0.7174894627 -0.01330006152
0.8473424703 -0.004224999082
-0.1107392338 0.176904342
-0.1266890803 0.184675028
-0.0008406066938 0.01021208446
0.4190356303 -0.03934507194
-0.1410755525 0.1880769838
-0.1529451766 0.1868083325
-0.1613087048 0.1807259094
0.1987047581 -0.03632340791
-0.003501032748 0.02332929193
-0.1652076247 0.1700091101
-0.1637947994 0.1550300238
-0.1563519294 0.1364608162
0.02719712625 0.002954014003
-0.008131726695 0.03891940837
-0.1424017024 0.1151288689
-0.01485437204 0.056468749
-0.1216520133 0.0920357232
-0.09408918105 0.06824376714
-0.0598583768 0.04481129405
-0.02368255004 0.07538596963
-0.01929809764 0.0227606643
-0.03458469544 0.0950079061
0.07921504222 -0.0138311114
0.1364287517 -0.02707266549
-0.04739306592 0.1145984811
-0.06187053238 0.1333865382
0.2661492349 -0.04144896007
0.3392786508 -0.04235225399
1 -3.012221259e-31
3.603628267e-31 1.14509837e-32
1.800928481e-31 6.923911612e-33
-0.0009061809441 0.0119262585
0.8548337963 -0.003502540121
1 -1.552969025e-31
0.618556155 -0.01964429086
0.7290956351 -0.0111308435
-0.003756646528 0.02681917259
-0.008700052326 0.0441984016
-0.01583747121 0.06348880215
-0.02517673355 0.08404461076
0.4307514007 -0.03161112785
0.5199961792 -0.02690855388
0.3490424612 -0.0328286178
0.2735909253 -0.03013020112
-0.05004434933 0.1259380739
-0.0366420784 0.1051251553
0.1391328607 -0.01220589353
0.2037231019 -0.02323568722
0.07988652864 0.00276503949
0.02626271723 0.02121152128
-0.08125892153 0.1633257856
-0.06506661245 0.1456259271
-0.06232526907 0.06577994251
-0.02130134033 0.04249745358
-0.1145624087 0.1894010543
-0.0980056555 0.1781793499
-0.09638214622 0.09005336017
-0.123164958 0.1142114949
-0.143386282 0.1984342265
-0.1300195227 0.1963191553
-0.1548021745 0.1575583253
-0.1425903074 0.1370859282
-0.1595305629 0.1874439733
-0.1535782838 0.1954791847
-0.1602282938 0.174616163
-0.1017429696 0.1912336757
0.7386872999 -0.009186230268
0.8611232114 -0.002931262841
-0.1180410965 0.2018588466
-0.1327477718 0.207684041
-0.0009734052729 0.01377311865
0.6294280098 -0.01608288162
-0.1447174247 0.208213621
-0.152767677 0.2033077852
0.4400604944 -0.02445188556
0.3564302932 -0.02381467887
-0.004024522254 0.03056199045
-0.1557457611 0.19305018
-0.1525882583 0.1779301572
-0.1424628856 0.1586664807
0.1398316873 0.002495659685
-0.009286638105 0.04983288497
-0.1247412845 0.1362857349
-0.0168611716 0.07095421763
-0.09915426891 0.1119492519
-0.06565876267 0.08690887253
-0.02453978798 0.0624104723
-0.02671784635 0.09320373742
0.02378664003 0.0395594417
-0.03876734394 0.1157786586
0.07875450376 0.01935339426
0.206575422 -0.01044092957
-0.0527473579 0.1377929585
0.2787497544 -0.01924705136
-0.06830200401 0.1583333578
0.5305700285 -0.02155548142
-0.08486327158 0.1764414437
1 -3.186936569e-31
3.606206341e-31 1.608095106e-32
1.8044419e-31 9.424991166e-33
-0.001043017866 0.01575018431
0.8663131977 -0.002407955148
1 -1.628256892e-31
0.7466658369 -0.007522770182
0.6382605664 -0.01285903721
-0.004298268187 0.03455702937
-0.009897899346 0.05582989904
-0.02831713424 0.1028718488
-0.01791756311 0.07886430546
0.4471030494 -0.01771938916
0.5389812703 -0.01665296894
0.2816849794 -0.008645471614
0.3615624492 -0.0151985166
-0.05551043046 0.1501548693
-0.04094634383 0.1269534607
0.1385448723 0.01718792325
0.2073035919 0.002183382367
0.07585178633 0.03604504997
0.01980530188 0.05813077108
-0.08840861321 0.1898490167
-0.07154272907 0.1714558127
-0.028933762 0.08256607115
-0.06976474445 0.1082541814
-0.1052568699 0.2043643061
-0.1210863469 0.214157802
-0.1022593829 0.1339054197
-0.1262326222 0.1581747171
-0.1448496299 0.2172261514
-0.1347027275 0.2185762766
-0.1418405099 0.1797131151
-0.1495630683 0.1973258052
-0.1502102234 0.2100471337
-0.1235478876 0.2260954936
-0.001115516884 0.01786972445
-0.135690205 0.2287863617
0.8706030612 -0.001973197591
-0.1434862659 0.2251821015
-0.1455159995 0.2154267526
-0.004588628711 0.03882317806
-0.1405149976 0.199965066
-0.1274061949 0.1797215508
0.4519551659 -0.0113032547
0.3644441413 -0.006812907928
-0.01053355179 0.06220640477
-0.1055200081 0.1558639566
0.2058827331 0.01481663392
-0.07448109824 0.1298142931
-0.01902521281 0.08724556976
-0.03439833457 0.103060814
0.01438111023 0.07702258676
-0.02997155011 0.1130568212
0.07118048322 0.05300854131
0.1352720085 0.03200624863
-0.0432008022 0.1386643218
0.2824019164 0.001809561046
-0.05831628612 0.1629949055
-0.0747934805 0.1849633966
0.5452842534 -0.01204476771
0.6452344965 -0.009921753869
-0.09183543897 0.2034463127
0.7530729349 -0.005989814047
-0.1084880673 0.2174593178
1 -3.320067789e-31
3.618593883e-31 2.144503167e-32
1.813253598e-31 1.230810736e-32
-0.001191302977 0.02012912446
1 -1.687220421e-31
0.8740516019 -0.001566216405
0.6504712578 -0.007175373603
0.7581610853 -0.004627299943
-0.004887369338 0.04336106373
-0.01120100162 0.06897158318
-0.02017268719 0.09609567769
-0.03169471225 0.1237665782
0.5496507073 -0.007685965839
0.4546947028 -0.005081572491
0.2809247926 0.01226736748
0.365155546 0.001433311112
-0.04550997607 0.1508847987
-0.06117321924 0.1762932916
0.2023516741 0.0275698133
0.1300290376 0.04711294681
0.06480666897 0.07034224819
0.007582625209 0.09635918273
-0.095110662 0.2171494578
-0.07800450332 0.1987724665
-0.04078804223 0.1239245075
-0.07965570559 0.1515885264
-0.1252839743 0.2374979494
-0.1113171457 0.2303461012
-0.128064415 0.2007247018
-0.1087157236 0.1777183888
-0.1403007697 0.2318349709
-0.1354635287 0.2380502902
-0.1382673892 0.2191455854
-0.001271082839 0.02254476762
-0.1260673899 0.248074611
-0.1337164587 0.2460792536
-0.1348660405 0.2368124223
-0.005207616909 0.04819459433
-0.1279032686 0.2208833779
0.654073627 -0.004583319235
-0.111591345 0.1992780352
-0.08502748861 0.1734863324
-0.01189913963 0.07614599738
-0.04794593292 0.1451997418
-0.02138361551 0.1054462088
-0.0004561353533 0.1162031974
0.05676112615 0.0882134804
0.1228393502 0.06263430096
-0.03348105549 0.1350047217
0.1966712173 0.04063129592
-0.04790098667 0.1636252661
0.2772419883 0.02285291058
0.3636618694 0.009699657197
0.4553500061 0.001037073527
-0.06405400916 0.1899962652
0.5520865689 -0.003451727952
-0.08117376699 0.2128248327
0.7619418583 -0.00333329184
0.8767750378 -0.001212009669
-0.09814226032 0.2307981093
-0.1136392641 0.2428512013
1 -3.426701277e-31
3.642584877e-31 2.759880443e-32
1.828350269e-31 1.56071657e-32
-0.001355170639 0.02511356189
0.8788085626 -0.000872366859
1 -1.735579039e-31
0.6561046991 -0.002074418481
0.7645720384 -0.002135270368
-0.005538658681 0.05332475373
-0.01263759084 0.08374094021
-0.03534879897 0.1467772874
-0.02264239761 0.1152908337
0.5526921725 0.0006931339015
0.4539447964 0.00716451534
0.2713448624 0.03372301806
0.3600044806 0.01806745259
-0.06696660906 0.2040659227
-0.05034444407 0.1768407046
0.1137236733 0.07874149854
0.188880563 0.0541052461
-0.009616017008 0.1366488288
0.04715834864 0.1066988093
-0.08422751468 0.2269905585
-0.1008691347 0.2442616498
-0.0556403958 0.1668480594
-0.09037330146 0.1953970486
-0.1256669797 0.2575815874
-0.1152747014 0.2547245422
-0.1138502357 0.2203053321
-0.1300871673 0.2525260198
-0.1266925769 0.2398140521
-0.1240873666 0.2570121975
-0.005897493716 0.05878198726
-0.1151641928 0.2403940727
0.8802139716 -0.0005613510693
-0.09531397224 0.2170788557
-0.06361331414 0.1887995774
-0.01341459387 0.09178074283
-0.01965733086 0.1576914748
-0.02398094661 0.1256675239
0.4504581505 0.01338677409
0.3541056948 0.02670602836
0.03608341537 0.125948624
0.1027478629 0.09554759765
0.1789329499 0.06819921948
-0.03728933486 0.1590793966
0.2632060487 0.04500247938
-0.05287518825 0.1905328544
0.5514250674 0.00486139963
-0.0698675706 0.2184081375
0.6566019147 0.0003837848621
-0.08714755624 0.2411663792
0.7660360396 -0.0009590497355
-0.1031438176 0.2572922567
-0.1160345675 0.2657048897
-0.001444446696 0.0278565864
-0.1237304927 0.2656127384
3.680407211e-31 3.462224196e-32
1 -3.516440729e-31
1.850970492e-31 1.936881582e-32
-0.001539374285 0.03077002686
0.8810115608 -0.0002553080613
1 -1.77731805e-31
0.6555821564 0.00285049813
0.7664232409 0.0001770070218
-0.00627015485 0.06456692041
-0.01424378875 0.1002793971
-0.0253782991 0.1365627871
-0.03932843478 0.1719134944
0.548326138 0.009085524603
0.4448635382 0.01982033553
0.3459734744 0.03569533081
0.2527890744 0.05686948494
-0.07276121947 0.2329562523
-0.05545077778 0.2046268532
0.0899568919 0.1132295632
0.1668832625 0.08301170964
0.02373065481 0.1459963842
-0.03038139701 0.1793506194
-0.08981972376 0.255151844
-0.1048497873 0.2696911356
-0.0715208867 0.2108927827
-0.09955037152 0.2382260481
-0.1198719194 0.2718401768
-0.1156384214 0.2754364634
-0.1151786571 0.2591068002
-0.006679650223 0.07071928598
-0.0789746447 0.232842037
-0.04139217158 0.2014908305
-0.01512295724 0.1092657438
0.01028439079 0.1669339271
0.07549996235 0.13186968
-0.02687942565 0.1480232694
0.1526963027 0.09877611458
0.2400626902 0.06945570143
-0.0414525993 0.1852589242
0.3354847287 0.04523447925
0.4370894093 0.02655725138
-0.05811503481 0.2191077833
0.5432995474 0.01348320944
0.6530222938 0.005360786896
-0.07557391032 0.2475493082
0.7656899216 0.001332696485
0.8812204002 4.039058707e-05
-0.09218616994 0.2687706177
-0.105739643 0.2810791346
-0.001641075342 0.03388105345
-0.1137392457 0.283536781
-0.1135340423 0.2757186982
-0.1025838016 0.2583534647
1 -3.596190868e-31
3.734883257e-31 4.262111845e-32
1.882690467e-31 2.365464836e-32
-0.001750394632 0.03718494237
0.8808510134 0.0003393113571
1 -1.815418578e-31
0.6488967516 0.007971784083
0.7638730493 0.002496741055
-0.007107612842 0.07723884719
-0.0160725436 0.1187578861
-0.02845555603 0.1600232365
-0.0436987613 0.1991114677
0.5363329902 0.01808929166
0.427058661 0.0337354854
0.3226239459 0.05540863401
0.224973444 0.08297565358
-0.06080289628 0.233851611
-0.07829503132 0.2620736457
0.1364751367 0.1155781922
0.05948201497 0.1516305871
-0.05237620829 0.2239670011
-0.003930439134 0.1887048159
-0.105583818 0.2911594373
-0.09405938693 0.2817138417
-0.1040647388 0.2768366051
-0.08550087946 0.2542718053
-0.1098839731 0.2895138075
-0.01856224478 0.2112452014
0.04220998692 0.1725163987
-0.01708985026 0.1287903275
0.1182378447 0.1336702535
-0.0301718566 0.1726211983
0.2075165375 0.09756880041
0.6431184981 0.01072734931
0.3072230188 0.06647142527
0.4146480325 0.04146455398
-0.04604333327 0.2134204113
0.5272657896 0.02304575593
-0.06356380725 0.2488103015
0.7608947671 0.00372472399
0.8798834666 0.0006441342922
-0.08079008352 0.2762549129
-0.09528680398 0.2936852098
-0.001868917053 0.04071770776
-0.1039495082 0.2993597723
-0.06272366931 0.2463967205
-0.1034303913 0.2928311311
-0.09057812347 0.274514434
-0.007586464651 0.08417938099
1 -3.67147739e-31
3.809639313e-31 5.173391855e-32
-0.001998171208 0.04447348346
1.925544486e-31 2.854700346e-32
0.8783208306 0.0009608318802
1 -1.852436112e-31
0.6356163417 0.01369307432
0.7567452627 0.005011203163
-0.008091416298 0.09153913172
-0.01820652602 0.139387748
-0.04853789794 0.2281682327
-0.03198655382 0.1857697468
0.3997264925 0.04992661234
0.5160347147 0.0283945146
0.2892630941 0.07851706244
0.18764538 0.1134986336
-0.06628923499 0.2637760082
-0.08300218535 0.2899002294
0.02390788306 0.1946127186
0.09819694192 0.1530989563
-0.07198398069 0.2683030556
-0.03308724654 0.2343128826
-0.09554134289 0.3042093141
-0.09362983551 0.2928445213
-0.1003760475 0.3052496479
-0.01941882175 0.1505915103
0.1654491814 0.1308965177
-0.0339957617 0.1995421324
0.2685419928 0.09188412222
0.3821225092 0.05926132983
0.5023943495 0.03432937301
-0.05113472398 0.2432439792
0.6262272373 0.0169293044
-0.06901595849 0.2786322423
0.7513001371 0.006417806309
0.8761005136 0.00130082717
-0.08466815379 0.3025382219
-0.09445042771 0.3127954683
-0.002140688035 0.04850203127
-0.09408648356 0.3079918939
0.005161351211 0.2177343183
-0.07930997458 0.2888653732
-0.008670089166 0.09939423635
-0.0469059285 0.2574839615
0.07650717001 0.1740875674
1 -3.7474261e-31
3.909425863e-31 6.214749404e-32
1.982218179e-31 3.416040011e-32
-0.002299434277 0.0527964252
0.8732188021 0.001663832347
1 -1.890907748e-31
0.614823587 0.02052493693
0.7445010914 0.007944259215
-0.009287555902 0.1077402159
-0.02077710291 0.1624362303
-0.05389888352 0.2586009358
-0.03613286255 0.2138490226
0.4862316967 0.0409042384
0.3616474762 0.0697287878
0.2450813862 0.1066721229
0.140939972 0.1500713182
-0.08560375568 0.3138415136
-0.0715455714 0.293023032
0.05359911491 0.1965717532
-0.01360313942 0.2417291457
-0.05923530477 0.2801487309
-0.08415983214 0.3070028421
-0.09141579468 0.3187223711
-0.03853931021 0.2287785035
0.467185533 0.04840989147
0.6011426349 0.02456893949
-0.05672410147 0.2740043933
0.7361539092 0.009672322457
0.8695584173 0.002072267061
-0.07384134191 0.3066866847
-0.08526544515 0.3229962616
-0.002477976635 0.05742816025
0.3381020656 0.08151164113
0.2186878338 0.1233343365
-0.08557062067 0.32120273
-0.06919573734 0.301143708
-0.03135835464 0.2659847229
-0.01001675186 0.1166898042
0.02991611633 0.2205857298
0.11444567 0.1710818326
-0.02227419497 0.1749679661
1 -3.829590119e-31
4.040657587e-31 7.412836917e-32
2.056408081e-31 4.066299801e-32
-0.002680700098 0.06238850621
0.8651077207 0.002520119864
1 -1.933762541e-31
0.5849787881 0.0292000311
0.726141663 0.01160700503
-0.02399328402 0.1882370259
-0.01080551158 0.1262327254
-0.05967270417 0.289340505
-0.04109761639 0.2441580587
0.3112452762 0.09499849801
0.4451000347 0.05691685161
0.08614312983 0.194213791
0.1895237751 0.1419470598
-0.07550838978 0.3189960021
-0.08313461424 0.3294519683
0.006278694103 0.2457779098
-0.04740203756 0.289749751
-0.0757878847 0.3191891107
0.7141584653 0.01387540169
0.8596686898 0.003045594072
-0.06248625932 0.3040991499
-0.07624589695 0.3293918574
-0.002914858064 0.06778891876
-0.07806568099 0.3318346785
0.5659330227 0.03455461339
-0.06015151996 0.3115310475
-0.01634832855 0.2715615291
0.2809246208 0.1104187929
-0.01177363868 0.1365407023
0.05688562467 0.2192580973
0.1575293203 0.1630684634
-0.02590987617 0.2022777455
0.4194540864 0.06689073701
-0.04400776927 0.2600727814
1 -3.924906859e-31
4.212345963e-31 8.806499702e-32
2.153299771e-31 4.831522324e-32
-0.003191056945 0.07361510356
0.8532209305 0.00363653467
1 -1.984833599e-31
0.7000110677 0.01648688802
0.5436824006 0.04087086183
-0.01283126375 0.147577743
-0.02815355469 0.2171568085
-0.06514778184 0.3180210834
-0.04703694591 0.2761698904
0.2468835116 0.1283604324
0.3900779329 0.07841960625
0.02720944928 0.2462031231
0.1232284208 0.1866471991
-0.07522413587 0.3367774705
-0.03654768783 0.2968988453
-0.06872960337 0.3292815098
-0.06697367223 0.329986274
-0.07133657988 0.3399792657
-0.003522285529 0.08003743326
0.8454322357 0.004360538352
-0.05266420161 0.3195737862
-0.00100073717 0.2740441557
-0.01418097402 0.1596303138
0.08701505386 0.2131351517
0.2092623235 0.1490336082
0.3562542152 0.0922852694
-0.0306693031 0.2328713808
0.5176328387 0.04836635609
-0.05044513601 0.2924477968
0.6831991408 0.01966698575
4.437929538e-31 1.046005897e-31
1 -4.043115462e-31
2.280964748e-31 5.753461683e-32
-0.003942219688 0.08706312545
1 -2.049561373e-31
0.8362606112 0.005209667244
0.6634231628 0.02342577868
0.4872879254 0.05748142403
-0.01566946376 0.1726302666
-0.03368961702 0.2494842228
-0.06752420916 0.3393824387
-0.05369838659 0.3080999845
0.1679238758 0.1732445229
0.3179320489 0.1085596718
-0.02661318034 0.3016358275
0.05022080736 0.2420239922
-0.06273357986 0.3370795923
-0.004426608698 0.09494823307
-0.04612094532 0.325881433
0.01442979156 0.2727610354
0.1239420279 0.2008787836
-0.0176511755 0.1870316777
0.2742220436 0.1285522359
0.4518020259 0.06859094136
-0.0370134381 0.266698822
0.6398121364 0.0281946279
0.8251582906 0.006285727179
-0.05690226279 0.3228802151
-0.06510811455 0.343890809
1 -4.199469256e-31
4.738965034e-31 1.248572167e-31
2.453925461e-31 6.906975161e-32
-0.004941381074 0.1036146366
0.8120406593 0.007568310019
1 -2.137462865e-31
0.4103955923 0.08261500172
0.6118748624 0.03399307133
-0.01981083066 0.202617606
-0.04102632756 0.2846308469
-0.05883920951 0.3352030139
-0.05807923024 0.3422976296
0.2255789135 0.1521624274
0.07769605199 0.2326593571
-0.01737788638 0.3033993241
0.1713025066 0.1812634545
-0.02298010498 0.2200324287
0.3622367821 0.09999686632
0.5781081034 0.04179694384
0.7958341829 0.009268793463
-0.0447394399 0.302075141
-0.0586124682 0.3435849857
-0.005657438526 0.1137847156
-0.0414129291 0.3291012162
0.03297026134 0.2669327559
1 -4.419464075e-31
5.150783014e-31 1.498748748e-31
2.685907335e-31 8.4195667e-32
-0.006971936023 0.125341669
0.7765157856 0.01140770722
1 -2.262125613e-31
0.3061041375 0.1224102227
0.5380596879 0.05146107515
-0.02610413605 0.2380246436
-0.04787537049 0.3185891143
-0.05271208272 0.3439141895
0.1133748995 0.2149622912
-0.008573998309 0.302573797
-0.03008104925 0.2587521256
0.4884837974 0.06525801108
0.7520485086 0.01454431316
-0.04914509286 0.3318948571
-0.03622132298 0.3312570476
-0.008622448252 0.1382659823
0.05388973488 0.2546242245
0.2415674765 0.1503562475
1 -4.752080918e-31
5.749234809e-31 1.864737864e-31
3.054575161e-31 1.050528285e-31
-0.01106534334 0.1542529507
1 -2.450845468e-31
0.7215531856 0.0193673642
0.428764039 0.08269774769
0.1677586425 0.1871564046
-0.03375846044 0.2823179203
-0.04952297908 0.3407564849
0.001256330333 0.2952487828
-0.03452229754 0.323894249
-0.01180005692 0.1747179257
0.09194957072 0.2306941985
0.3525552305 0.1085975264
0.6818893998 0.02562173042
-0.03881505264 0.3070711888
1 -5.312394302e-31
6.686385592e-31 2.381483256e-31
-0.00518885007 0.1903176663
3.687744186e-31 1.389099016e-31
0.6328820613 0.03230223835
1 -2.822554249e-31
0.2602451119 0.1407594089
-0.03522274995 0.3195660578
0.01158961028 0.2851731681
-0.006043092711 0.2173225701
0.1443066042 0.1934932596
0.5590499344 0.04405144303
-0.02547546778 0.3153130691
1 -6.353760752e-31
8.244869874e-31 2.731129276e-31
4.159105926e-31 1.831037531e-31
-0.05299210899 0.2753144009
0.4627597494 0.06925826065
1 -3.341435082e-31
0.03656508961 0.2412416431
0.3460156016 0.1016470153
-0.04889762795 0.2280684477
1.25315994e-30 7.282813257e-31
1 -9.03459334e-31
8.910076804e-31 2.237024409e-31
1 -5.554295963e-31
0.154077306 0.154077306
1 -9.879622167e-31
3.296827135e-30 6.260336882e-31
1 -1.961204511e-30
