-6.588687273e-31 -6.588687273e-31
-6.588687273e-31 -6.588687273e-31
-2.635263593e-30 -2.635263593e-30
-6.590855332e-31 -6.590855332e-31
-6.586519215e-31 -6.586519215e-31
-2.139736902e-18 -2.139736902e-18
-2.636077479e-30 -2.636077479e-30
6.395757041e-34 6.395757041e-34
-9.603680986e-05 -9.603680986e-05
0.0001920736197 0.0001920736197
2.024585628e-34 2.024585628e-34
-4.708616174e-19 -4.708616174e-19
0.000294297164 0.000294297164
-0.0004623615732 -0.0004623615732
-0.002619615952 -0.002619615952
0.00236027399 0.00236027399
-2.636058052e-30 -2.636058052e-30
8.15262877e-36 8.15262877e-36
-0.0006033784103 -0.0006033784103
0.001940611705 0.001940611705
1.598716826e-33 1.598716826e-33
-2.63361836e-30 -2.63361836e-30
-2.08371028e-18 -2.08371028e-18
-2.145810083e-17 -2.145810083e-17
-0.00329391566 -0.00329391566
0.00191784391 0.00191784391
-0.005141543562 -0.005141543562
0.005015222619 0.005015222619
-0.001009518654 -0.001009518654
0.004641844466 0.004641844466
-2.635773701e-30 -2.635773701e-30
1.013778734e-33 1.013778734e-33
-0.007353503069 -0.007353503069
0.01033853916 0.01033853916
-0.004823463774 -0.004823463774
0.01088748189 0.01088748189
-2.299652501e-33 -2.299652501e-33
-8.564407794e-18 -8.564407794e-18
3.510574025e-34 3.510574025e-34
-2.634339645e-30 -2.634339645e-30
-0.007224292837 -0.007224292837
0.0003714505978 0.0003714505978
-1.213466153e-17 -1.213466153e-17
1.860641711e-17 1.860641711e-17
-0.0172116283 -0.0172116283
0.01573415623 0.01573415623
-0.01760044 -0.01760044
0.007044697826 0.007044697826
-0.008696284298 -0.008696284298
0.002179080246 0.002179080246
-0.01094967333 -0.01094967333
0.007991742059 0.007991742059
-0.0004433421439 -0.0004433421439
0.00802868895 0.00802868895
-2.637024738e-30 -2.637024738e-30
1.836053095e-33 1.836053095e-33
-2.892596191e-33 -2.892596191e-33
-2.63530148e-30 -2.63530148e-30
-0.0136365816 -0.0136365816
0.02240031285 0.02240031285
-0.007130534994 -0.007130534994
0.01946939233 0.01946939233
-0.01267425886 -0.01267425886
-0.0002710999799 -0.0002710999799
-0.01705719174 -0.01705719174
0.001804369389 0.001804369389
-0.02751863843 -0.02751863843
0.008024556398 0.008024556398
-0.02016013032 -0.02016013032
0.002468178143 0.002468178143
-0.02452762894 -0.02452762894
0.0232733642 0.0232733642
-0.0373187102 -0.0373187102
0.01865535878 0.01865535878
-0.02235896382 -0.02235896382
0.01352539 0.01352539
-0.001886326379 -0.001886326379
0.01373315579 0.01373315579
-2.635671101e-30 -2.635671101e-30
2.340586431e-33 2.340586431e-33
-3.058614684e-33 -3.058614684e-33
-2.63570343e-30 -2.63570343e-30
-0.01900527152 -0.01900527152
0.0001129483241 0.0001129483241
-0.008662848418 -0.008662848418
0.03080479283 0.03080479283
-0.02306176491 -0.02306176491
0.03195365548 0.03195365548
-0.03242087576 -0.03242087576
0.03501874477 0.03501874477
-0.01388380975 -0.01388380975
0.03032786473 0.03032786473
-0.03366266452 -0.03366266452
0.003384583966 0.003384583966
-0.04174633003 -0.04174633003
0.009184959209 0.009184959209
-0.04379772283 -0.04379772283
0.01370882567 0.01370882567
-0.05165413015 -0.05165413015
0.02380334841 0.02380334841
-0.04238684546 -0.04238684546
0.0289340027 0.0289340027
-0.04510975174 -0.04510975174
0.04656029217 0.04656029217
-0.001301583263 -0.001301583263
0.01912427225 0.01912427225
-8.213537061e-18 -8.213537061e-18
-1.231645009e-17 -1.231645009e-17
-0.01076288621 -0.01076288621
0.04320177634 0.04320177634
-0.036940786 -0.036940786
0.002979569077 0.002979569077
-3.481179254e-33 -3.481179254e-33
-6.588150442e-18 -6.588150442e-18
-0.02053665795 -0.02053665795
0.0002254836731 0.0002254836731
-3.199724668e-33 -3.199724668e-33
-2.637622856e-30 -2.637622856e-30
-0.01900955153 -0.01900955153
0.04768880428 0.04768880428
-0.04591365627 -0.04591365627
0.05438190325 0.05438190325
-0.02888403763 -0.02888403763
0.04569568252 0.04569568252
-0.05721457704 -0.05721457704
0.03474077237 0.03474077237
-0.05576693668 -0.05576693668
0.01411412567 0.01411412567
-0.04937567256 -0.04937567256
0.006937451257 0.006937451257
-0.06245574906 -0.06245574906
0.02391261097 0.02391261097
-0.06144320629 -0.06144320629
0.04663791552 0.04663791552
-0.06068813955 -0.06068813955
0.05780349877 0.05780349877
-0.002184905214 -0.002184905214
0.02827569613 0.02827569613
-2.634925389e-30 -2.634925389e-30
2.677915823e-17 2.677915823e-17
-0.02525697579 -0.02525697579
0.06502005658 0.06502005658
-0.019987027 -0.019987027
0.07953336427 0.07953336427
-0.05464047726 -0.05464047726
0.00316532561 0.00316532561
-0.03920426831 -0.03920426831
-0.0003861708968 -0.0003861708968
-0.02116820295 -0.02116820295
-0.0002264685022 -0.0002264685022
-0.04405077462 -0.04405077462
-0.0004245993762 -0.0004245993762
-3.337070895e-17 -3.337070895e-17
-1.340817539e-16 -1.340817539e-16
-2.744128679e-33 -2.744128679e-33
-1.731402425e-18 -1.731402425e-18
-0.0214544931 -0.0214544931
-0.0004474872723 -0.0004474872723
-0.0458762442 -0.0458762442
0.07294672329 0.07294672329
-0.07179732986 -0.07179732986
0.03814215179 0.03814215179
-0.08026962528 -0.08026962528
0.03208234829 0.03208234829
-0.06927226344 -0.06927226344
0.007091649783 0.007091649783
-0.0805897966 -0.0805897966
0.01345064086 0.01345064086
-0.07223449767 -0.07223449767
0.01767305037 0.01767305037
-0.07139786631 -0.07139786631
0.07797598853 0.07797598853
-0.0788905297 -0.0788905297
0.0610995773 0.0610995773
-0.09884896406 -0.09884896406
0.05731201505 0.05731201505
-2.204218148e-33 -2.204218148e-33
3.218619578e-18 3.218619578e-18
-1.222518942e-33 -1.222518942e-33
-5.84415724e-19 -5.84415724e-19
-0.01208510612 -0.01208510612
0.06803453608 0.06803453608
-0.001295910429 -0.001295910429
0.03569009291 0.03569009291
-2.635474849e-30 -2.635474849e-30
7.116493152e-33 7.116493152e-33
-0.04091261277 -0.04091261277
0.08889286537 0.08889286537
-0.03685808623 -0.03685808623
0.1095517448 0.1095517448
-0.06602675047 -0.06602675047
0.0007737567559 0.0007737567559
-0.03793359567 -0.03793359567
-0.001886903217 -0.001886903217
-0.05400770231 -0.05400770231
-0.002974312677 -0.002974312677
-0.07100734005 -0.07100734005
-0.004198842034 -0.004198842034
-0.01768526433 -0.01768526433
-0.0009377477827 -0.0009377477827
-0.01381714254 -0.01381714254
-0.00057882245 -0.00057882245
-0.0335796741 -0.0335796741
-0.003652493282 -0.003652493282
-0.05928988683 -0.05928988683
0.08930849185 0.08930849185
-0.0890313157 -0.0890313157
0.02798331507 0.02798331507
-0.09466332852 -0.09466332852
0.04400990335 0.04400990335
-0.08401368381 -0.08401368381
0.003934115181 0.003934115181
-0.09489859505 -0.09489859505
0.01920553371 0.01920553371
-0.08952119822 -0.08952119822
0.09362095614 0.09362095614
-0.09578554498 -0.09578554498
0.07161393416 0.07161393416
-0.1120687696 -0.1120687696
0.05236860319 0.05236860319
-0.01240838113 -0.01240838113
-0.0008431502089 -0.0008431502089
4.830304768e-18 4.830304768e-18
2.685610564e-18 2.685610564e-18
-0.00762993389 -0.00762993389
-0.001112501919 -0.001112501919
1.972818289e-35 1.972818289e-35
-2.638914295e-30 -2.638914295e-30
-2.752050799e-34 -2.752050799e-34
-2.63940556e-30 -2.63940556e-30
-0.03057449613 -0.03057449613
0.114139329 0.114139329
-0.004556991393 -0.004556991393
0.04533220354 0.04533220354
2.51396941e-18 2.51396941e-18
2.681298289e-17 2.681298289e-17
-0.06430023556 -0.06430023556
0.1169936348 0.1169936348
-0.07098522713 -0.07098522713
0.1353421113 0.1353421113
-0.05602653876 -0.05602653876
0.150115893 0.150115893
-0.09792571466 -0.09792571466
0.00163542033 0.00163542033
-0.08526012637 -0.08526012637
-0.00392722928 -0.00392722928
-0.05046450043 -0.05046450043
-0.006511557933 -0.006511557933
-0.07148415246 -0.07148415246
-0.00927057241 -0.00927057241
-0.03152975881 -0.03152975881
-0.004531555037 -0.004531555037
-0.02506723222 -0.02506723222
-0.004665014045 -0.004665014045
-0.04700906951 -0.04700906951
-0.00895757543 -0.00895757543
-0.1026196467 -0.1026196467
0.1014733682 0.1014733682
-0.08634233445 -0.08634233445
0.114619127 0.114619127
-0.1099357772 -0.1099357772
0.02826255943 0.02826255943
-0.1086786314 -0.1086786314
0.01105128021 0.01105128021
-0.1214813586 -0.1214813586
0.04081660001 0.04081660001
-0.1164043143 -0.1164043143
0.07995407476 0.07995407476
-0.1257902099 -0.1257902099
0.06330984532 0.06330984532
-0.1123342914 -0.1123342914
-0.00157372372 -0.00157372372
6.59728564e-31 6.59728564e-31
-6.59728564e-31 -6.59728564e-31
6.595392342e-31 6.595392342e-31
-2.638622173e-30 -2.638622173e-30
-0.01701725739 -0.01701725739
-0.005626355918 -0.005626355918
-0.003777047786 -0.003777047786
-0.0004157700233 -0.0004157700233
-0.01132097049 -0.01132097049
-0.004029324908 -0.004029324908
-0.0008068398019 -0.0008068398019
-0.0004034199009 -0.0004034199009
-0.00249392675 -0.00249392675
-0.0003319278495 -0.0003319278495
-0.02756956881 -0.02756956881
0.1163179665 0.1163179665
-0.00995661226 -0.00995661226
0.07335840286 0.07335840286
-0.0003400979644 -0.0003400979644
0.06338781872 0.06338781872
-2.632427585e-30 -2.632427585e-30
9.685603302e-33 9.685603302e-33
-0.04535581919 -0.04535581919
0.170589267 0.170589267
-0.09048912477 -0.09048912477
0.1347521281 0.1347521281
-0.08084875508 -0.08084875508
0.165271964 0.165271964
-0.06474196908 -0.06474196908
0.1718641007 0.1718641007
-0.1007244416 -0.1007244416
-0.008532310093 -0.008532310093
-0.08630457621 -0.08630457621
-0.01605805324 -0.01605805324
-0.06907958187 -0.06907958187
-0.01693835657 -0.01693835657
-0.03593120907 -0.03593120907
-0.009871923089 -0.009871923089
-0.02717921514 -0.02717921514
-0.009410156184 -0.009410156184
-0.04909052043 -0.04909052043
-0.01513300613 -0.01513300613
-0.1258298911 -0.1258298911
0.09549412631 0.09549412631
-0.1122136846 -0.1122136846
0.1293900876 0.1293900876
-0.1324466225 -0.1324466225
0.02600851376 0.02600851376
-0.1240864979 -0.1240864979
0.01085459458 0.01085459458
-0.1404987624 -0.1404987624
0.03782100618 0.03782100618
-0.1430344866 -0.1430344866
0.07194607029 0.07194607029
-0.1157096383 -0.1157096383
-0.01504308406 -0.01504308406
-0.1304137149 -0.1304137149
-0.006773726823 -0.006773726823
2.638488231e-30 2.638488231e-30
-6.599178938e-31 -6.599178938e-31
-0.01850555903 -0.01850555903
-0.009376621073 -0.009376621073
-0.0277146122 -0.0277146122
-0.01685358519 -0.01685358519
-0.0005076910235 -0.0005076910235
-0.001339744564 -0.001339744564
-0.007246049736 -0.007246049736
-0.004327485129 -0.004327485129
-0.01285851085 -0.01285851085
-0.008994748267 -0.008994748267
-0.002400110199 -0.002400110199
-0.002005216662 -0.002005216662
-0.02555411605 -0.02555411605
0.120839696 0.120839696
-0.01526243153 -0.01526243153
0.1255269049 0.1255269049
-0.006036898838 -0.006036898838
0.07263207944 0.07263207944
-2.626118389e-30 -2.626118389e-30
-9.37622586e-18 -9.37622586e-18
-0.04127179528 -0.04127179528
0.1724941988 0.1724941988
-0.06667605315 -0.06667605315
0.2103292838 0.2103292838
-0.1051091399 -0.1051091399
0.1575011272 0.1575011272
-0.08626179308 -0.08626179308
0.199743842 0.199743842
-0.09589342543 -0.09589342543
0.1773556638 0.1773556638
-0.100386074 -0.100386074
-0.02274655612 -0.02274655612
-0.08568433429 -0.08568433429
-0.02608283364 -0.02608283364
-0.06306756629 -0.06306756629
-0.02286966359 -0.02286966359
-0.04225830625 -0.04225830625
-0.01850862037 -0.01850862037
-0.1166231343 -0.1166231343
-0.03401111972 -0.03401111972
-0.1346689533 -0.1346689533
0.1064198759 0.1064198759
-0.1289642418 -0.1289642418
0.1413577639 0.1413577639
-0.1496245869 -0.1496245869
0.0176295397 0.0176295397
-0.1398485443 -0.1398485443
0.006756799066 0.006756799066
-0.1484941273 -0.1484941273
0.05461997447 0.05461997447
-0.1559021435 -0.1559021435
0.03199404232 0.03199404232
-0.1530635338 -0.1530635338
0.07471665074 0.07471665074
-0.1282497865 -0.1282497865
-0.02359817438 -0.02359817438
-0.1411506942 -0.1411506942
-0.01439821715 -0.01439821715
2.638032877e-30 2.638032877e-30
5.404741817e-34 5.404741817e-34
-0.0201634821 -0.0201634821
-0.01813558526 -0.01813558526
-0.03724531059 -0.03724531059
-0.026725779 -0.026725779
2.934025387e-05 2.934025387e-05
-0.002127215746 -0.002127215746
-0.007603944438 -0.007603944438
-0.01065184304 -0.01065184304
-0.004607915026 -0.004607915026
-0.005181406479 -0.005181406479
-0.01981792781 -0.01981792781
0.1492308428 0.1492308428
0.002145099728 0.002145099728
0.09085398887 0.09085398887
-2.626757659e-30 -2.626757659e-30
8.018430885e-33 8.018430885e-33
-0.05637118636 -0.05637118636
0.228435377 0.228435377
-0.02600409856 -0.02600409856
0.2009180838 0.2009180838
-0.08842891647 -0.08842891647
0.2236785833 0.2236785833
-0.1171442215 -0.1171442215
0.1716354926 0.1716354926
-0.1054392905 -0.1054392905
0.2040053269 0.2040053269
-0.1030270921 -0.1030270921
-0.03596742095 -0.03596742095
-0.08061954892 -0.08061954892
-0.03421111983 -0.03421111983
-0.09241378797 -0.09241378797
-0.04391518264 -0.04391518264
-0.04945483998 -0.04945483998
-0.03570021888 -0.03570021888
-0.05394919006 -0.05394919006
-0.02923885623 -0.02923885623
-0.1190584006 -0.1190584006
-0.04622600842 -0.04622600842
-0.1451646889 -0.1451646889
0.112750547 0.112750547
-0.1453407086 -0.1453407086
0.1334383043 0.1334383043
-0.1566761018 -0.1566761018
-0.001894719673 -0.001894719673
-0.1622568069 -0.1622568069
0.05019310355 0.05019310355
-0.16786514 -0.16786514
0.02034487816 0.02034487816
-0.1608317312 -0.1608317312
0.0834610435 0.0834610435
-0.1429391582 -0.1429391582
-0.03784121939 -0.03784121939
-0.1585967625 -0.1585967625
-0.02863517449 -0.02863517449
2.637738046e-30 2.637738046e-30
-5.47982587e-19 -5.47982587e-19
-0.03889067356 -0.03889067356
-0.03794820645 -0.03794820645
-0.01158147645 -0.01158147645
-0.01855013134 -0.01855013134
-0.02474172897 -0.02474172897
-0.03390038809 -0.03390038809
-0.00215400845 -0.00215400845
-0.008755576035 -0.008755576035
-0.007140009672 -0.007140009672
0.1671993026 0.1671993026
-0.1053476619 -0.1053476619
0.2122342385 0.2122342385
-2.619775329e-30 -2.619775329e-30
3.00906507e-18 3.00906507e-18
-0.07235896607 -0.07235896607
0.2522828815 0.2522828815
-0.05070519761 -0.05070519761
0.2436004714 0.2436004714
-0.04589257411 -0.04589257411
0.2366979283 0.2366979283
-0.09401288263 -0.09401288263
0.2354192171 0.2354192171
-0.1226400284 -0.1226400284
0.1846713737 0.1846713737
-0.1043472623 -0.1043472623
-0.05841362488 -0.05841362488
-0.07919664761 -0.07919664761
-0.04848135449 -0.04848135449
-0.04718088216 -0.04718088216
-0.05442785841 -0.05442785841
-0.061414282 -0.061414282
-0.04674240911 -0.04674240911
-0.1283153963 -0.1283153963
-0.06200729369 -0.06200729369
-0.1203553085 -0.1203553085
-0.07852210889 -0.07852210889
-0.1555520774 -0.1555520774
0.1040946677 0.1040946677
-0.1317465104 -0.1317465104
0.155230391 0.155230391
-0.1433419417 -0.1433419417
0.1245878879 0.1245878879
-0.1684775372 -0.1684775372
-0.01698311023 -0.01698311023
-0.1682158364 -0.1682158364
0.04279465398 0.04279465398
-0.1730984705 -0.1730984705
0.006692543964 0.006692543964
-0.16423624 -0.16423624
0.06197228928 0.06197228928
-0.1510344981 -0.1510344981
-0.04868497337 -0.04868497337
-0.1658127848 -0.1658127848
-0.04552478199 -0.04552478199
2.637007073e-30 2.637007073e-30
1.651436927e-18 1.651436927e-18
-0.001139417496 -0.001139417496
-0.008191838672 -0.008191838672
-0.03861942537 -0.03861942537
-0.05696806979 -0.05696806979
-0.02634550932 -0.02634550932
-0.04231568298 -0.04231568298
-0.01256297913 -0.01256297913
-0.02517102048 -0.02517102048
-0.01244057019 -0.01244057019
0.1989942581 0.1989942581
-0.1057065563 -0.1057065563
0.1994654969 0.1994654969
-2.613350878e-30 -2.613350878e-30
2.672019432e-32 2.672019432e-32
-0.06928926151 -0.06928926151
0.2507401402 0.2507401402
-0.06712668206 -0.06712668206
0.2626280699 0.2626280699
-0.05381871556 -0.05381871556
0.2778457209 0.2778457209
-0.06619009703 -0.06619009703
0.220719168 0.220719168
-0.1175121363 -0.1175121363
0.1716839664 0.1716839664
-0.1005461797 -0.1005461797
-0.0817298374 -0.0817298374
-0.06105510764 -0.06105510764
-0.06997491372 -0.06997491372
-0.07745944557 -0.07745944557
-0.0678915859 -0.0678915859
-0.1402305552 -0.1402305552
-0.08575749468 -0.08575749468
-0.1065746836 -0.1065746836
-0.1084244733 -0.1084244733
-0.1527143031 -0.1527143031
0.09733992878 0.09733992878
-0.1357080458 -0.1357080458
0.1211499204 0.1211499204
-0.1730906249 -0.1730906249
-0.03492355016 -0.03492355016
-0.1714987723 -0.1714987723
0.02252864224 0.02252864224
-0.1724780157 -0.1724780157
-0.01211097518 -0.01211097518
-0.159784338 -0.159784338
0.04023840516 0.04023840516
-0.1599850737 -0.1599850737
-0.07529132369 -0.07529132369
-0.1639656085 -0.1639656085
-0.07586872883 -0.07586872883
2.637624466e-30 2.637624466e-30
-1.788817564e-33 -1.788817564e-33
-0.001601257567 -0.001601257567
-0.01443842912 -0.01443842912
-0.04666055755 -0.04666055755
-0.07140947529 -0.07140947529
-0.02517147038 -0.02517147038
-0.05132540202 -0.05132540202
-0.0129816103 -0.0129816103
-0.03865211067 -0.03865211067
-0.01336673718 -0.01336673718
0.2150333902 0.2150333902
-0.04246957164 -0.04246957164
0.2601744908 0.2601744908
-0.09093203516 -0.09093203516
0.1755876153 0.1755876153
-2.60280625e-30 -2.60280625e-30
-4.449570499e-18 -4.449570499e-18
-0.02438904803 -0.02438904803
0.2290286122 0.2290286122
-0.05437620956 -0.05437620956
0.2542931081 0.2542931081
-0.03399841256 -0.03399841256
0.2588405931 0.2588405931
-0.02706218336 -0.02706218336
0.2788136554 0.2788136554
-0.04611830143 -0.04611830143
0.1831066814 0.1831066814
-0.1146143645 -0.1146143645
0.09831502961 0.09831502961
-0.1077800392 -0.1077800392
0.1407228853 0.1407228853
-0.05553945627 -0.05553945627
-0.09481682307 -0.09481682307
-0.0789773659 -0.0789773659
-0.09258140174 -0.09258140174
-0.09680695215 -0.09680695215
-0.117132804 -0.117132804
-0.1391351602 -0.1391351602
-0.1037975177 -0.1037975177
-0.1156014773 -0.1156014773
-0.1293489807 -0.1293489807
-0.1330531685 -0.1330531685
0.06048880655 0.06048880655
-0.1327064046 -0.1327064046
0.008439070892 0.008439070892
-0.1675925914 -0.1675925914
-0.05562924743 -0.05562924743
-0.1577128196 -0.1577128196
-0.02485436051 -0.02485436051
-0.1521095323 -0.1521095323
-0.1094066922 -0.1094066922
-0.1670604639 -0.1670604639
-0.09687525206 -0.09687525206
2.636088952e-30 2.636088952e-30
-6.015658835e-17 -6.015658835e-17
-0.001231271113 -0.001231271113
-0.01912434627 -0.01912434627
-0.03172264153 -0.03172264153
-0.07422588692 -0.07422588692
-0.01000827809 -0.01000827809
-0.04155844656 -0.04155844656
-0.009985556588 -0.009985556588
0.2591739346 0.2591739346
0.01448692322 0.01448692322
0.1835021892 0.1835021892
-0.04650170023 -0.04650170023
0.1328364802 0.1328364802
-2.594891886e-30 -2.594891886e-30
-7.574892422e-18 -7.574892422e-18
-0.004688084921 -0.004688084921
0.2517682439 0.2517682439
0.0285888781 0.0285888781
0.2486790025 0.2486790025
0.02963796235 0.02963796235
0.2008948949 0.2008948949
-0.005391013146 -0.005391013146
0.2365913862 0.2365913862
0.01691256005 0.01691256005
0.1399442446 0.1399442446
-0.06353279465 -0.06353279465
0.06209876 0.06209876
-0.07217345307 -0.07217345307
0.1042535791 0.1042535791
-0.05101084222 -0.05101084222
-0.1016277717 -0.1016277717
-0.07266011508 -0.07266011508
-0.1119693691 -0.1119693691
-0.09227175212 -0.09227175212
-0.1421875922 -0.1421875922
-0.1400710161 -0.1400710161
-0.1456652985 -0.1456652985
-0.1149056449 -0.1149056449
-0.1579389455 -0.1579389455
-0.08273153076 -0.08273153076
0.02589858755 0.02589858755
-0.108914741 -0.108914741
-0.01442462065 -0.01442462065
-0.1422347444 -0.1422347444
-0.04779703543 -0.04779703543
-0.1607547174 -0.1607547174
-0.08202562157 -0.08202562157
-0.1490677007 -0.1490677007
-0.1203530989 -0.1203530989
-0.1535874613 -0.1535874613
-0.1306015669 -0.1306015669
2.637751941e-30 2.637751941e-30
-3.239664098e-33 -3.239664098e-33
-0.001497141833 -0.001497141833
-0.02574404063 -0.02574404063
-0.02209525034 -0.02209525034
-0.07555262786 -0.07555262786
-0.01055489383 -0.01055489383
-0.04934135785 -0.04934135785
-0.007102502605 -0.007102502605
0.2523417123 0.2523417123
0.09914660673 0.09914660673
0.1540483461 0.1540483461
0.09607399241 0.09607399241
0.1295461042 0.1295461042
0.09215288475 0.09215288475
0.1987439275 0.1987439275
0.02966595672 0.02966595672
0.09885532406 0.09885532406
3.907101745e-18 3.907101745e-18
-6.902532921e-31 -6.902532921e-31
0.2043724255 0.2043724255
0.1520550509 0.1520550509
0.1184314976 0.1184314976
0.1796458685 0.1796458685
0.009751436363 0.009751436363
0.01672868459 0.01672868459
0.1696344588 0.1696344588
0.1474611874 0.1474611874
0.1619046278 0.1619046278
0.1539842174 0.1539842174
0.11274424 0.11274424
0.09061619949 0.09061619949
0.02258282094 0.02258282094
0.05930477565 0.05930477565
-0.04605583898 -0.04605583898
-0.1163130883 -0.1163130883
-0.06995167276 -0.06995167276
-0.1353290039 -0.1353290039
-0.09240098968 -0.09240098968
-0.1620920147 -0.1620920147
-0.1377778206 -0.1377778206
-0.1554187771 -0.1554187771
-0.1149544961 -0.1149544961
-0.1900908081 -0.1900908081
-0.02110487627 -0.02110487627
-0.02870070491 -0.02870070491
-0.0986331456 -0.0986331456
-0.0571901925 -0.0571901925
-0.1436390773 -0.1436390773
-0.1079036424 -0.1079036424
-0.1461774077 -0.1461774077
-0.1558997782 -0.1558997782
2.636436129e-30 2.636436129e-30
-5.503911937e-33 -5.503911937e-33
-0.004047079837 -0.004047079837
-0.03578373137 -0.03578373137
-0.0147872407 -0.0147872407
-0.0656680566 -0.0656680566
-0.01932819068 -0.01932819068
-0.09367766585 -0.09367766585
-0.02871488597 -0.02871488597
-0.1291249375 -0.1291249375
-0.002542775982 -0.002542775982
0.1530209977 0.1530209977
0.1910789123 0.1910789123
0.102692774 0.102692774
0.2558974031 0.2558974031
0.07708106537 0.07708106537
0.415882396 0.415882396
0.04127453647 0.04127453647
0.4942194458 0.4942194458
0.02958479899 0.02958479899
0.1266701577 0.1266701577
0.06712970699 0.06712970699
-2.431877813e-30 -2.431877813e-30
7.040934745e-31 7.040934745e-31
0.6369303646 0.6369303646
0.01453623529 0.01453623529
0.3623490915 0.3623490915
0.09233953687 0.09233953687
0.07693343274 0.07693343274
0.001326269994 0.001326269994
0.2903478578 0.2903478578
0.0927388896 0.0927388896
0.4242899198 0.4242899198
0.07619475022 0.07619475022
0.3298705493 0.3298705493
0.07292815237 0.07292815237
0.3416390177 0.3416390177
0.04527968317 0.04527968317
0.2084775733 0.2084775733
0.02411189872 0.02411189872
0.05639468911 0.05639468911
-0.04246368848 -0.04246368848
-0.05594599707 -0.05594599707
-0.1528745746 -0.1528745746
-0.07220208038 -0.07220208038
-0.1834738644 -0.1834738644
-0.09215325539 -0.09215325539
-0.200423367 -0.200423367
-0.1270666335 -0.1270666335
-0.1982459104 -0.1982459104
-0.03197845473 -0.03197845473
-0.07139902105 -0.07139902105
-0.08977370992 -0.08977370992
-0.1074063517 -0.1074063517
-0.1264957571 -0.1264957571
-0.1831778183 -0.1831778183
-0.1233427337 -0.1233427337
-0.135755701 -0.135755701
2.640318654e-30 2.640318654e-30
-5.242394614e-33 -5.242394614e-33
0.001072698286 0.001072698286
-0.04181572724 -0.04181572724
-0.00941793542 -0.00941793542
-0.07692017511 -0.07692017511
-0.03348001813 -0.03348001813
-0.1290249027 -0.1290249027
0.4135783952 0.4135783952
0.04823405043 0.04823405043
1 1
2.586673269e-30 2.586673269e-30
1 1
2.53167711e-30 2.53167711e-30
1 1
-9.923053448e-18 -9.923053448e-18
0.2657342533 0.2657342533
0.04532170787 0.04532170787
1 1
5.586455267e-31 5.586455267e-31
1 1
2.613595606e-30 2.613595606e-30
0.693870201 0.693870201
0.02193568803 0.02193568803
0.1685005139 0.1685005139
-0.007061600701 -0.007061600701
0.5161624027 0.5161624027
0.02757996834 0.02757996834
0.7100359106 0.7100359106
0.00101276266 0.00101276266
0.5509914941 0.5509914941
0.04134391185 0.04134391185
0.5600062411 0.5600062411
0.01602336941 0.01602336941
-0.0702016529 -0.0702016529
-0.1528599653 -0.1528599653
0.6082104688 0.6082104688
0.01072479338 0.01072479338
0.4161561986 0.4161561986
0.02055514593 0.02055514593
0.3180228813 0.3180228813
0.009237858059 0.009237858059
0.02766364471 0.02766364471
-0.07887814045 -0.07887814045
0.1547302256 0.1547302256
-0.04460362411 -0.04460362411
-0.0641520345 -0.0641520345
-0.1988852573 -0.1988852573
-0.09255066119 -0.09255066119
-0.2178665564 -0.2178665564
-0.1082253438 -0.1082253438
-0.2374027108 -0.2374027108
-0.1189761809 -0.1189761809
-0.2184766641 -0.2184766641
0.002271822282 0.002271822282
-0.1228019461 -0.1228019461
-0.09126174593 -0.09126174593
-0.1950726436 -0.1950726436
2.637890359e-30 2.637890359e-30
-1.128677153e-32 -1.128677153e-32
-0.006475816046 -0.006475816046
-0.06288106174 -0.06288106174
-0.008935874519 -0.008935874519
-0.1383791059 -0.1383791059
1 1
1.863553606e-18 1.863553606e-18
0.4600346744 0.4600346744
0.002075643266 0.002075643266
0.3109010524 0.3109010524
-0.02527981741 -0.02527981741
0.7536733319 0.7536733319
0.01074871244 0.01074871244
1 1
6.91844198e-19 6.91844198e-19
0.7716830438 0.7716830438
0.002667311855 0.002667311855
0.7975888768 0.7975888768
0.001661530569 0.001661530569
-0.05110188549 -0.05110188549
-0.1793402375 -0.1793402375
0.7972300157 0.7972300157
0.001219579475 0.001219579475
0.625118233 0.625118233
0.003695719708 0.003695719708
0.551563873 0.551563873
0.002798243188 0.002798243188
0.1230173188 0.1230173188
-0.08000939151 -0.08000939151
0.3072531276 0.3072531276
-0.03129905655 -0.03129905655
-0.04909404237 -0.04909404237
-0.1971127971 -0.1971127971
-0.06631831675 -0.06631831675
-0.2356314347 -0.2356314347
-0.09430511746 -0.09430511746
-0.2499329504 -0.2499329504
-0.07657071922 -0.07657071922
-0.2276544914 -0.2276544914
0.06475178943 0.06475178943
-0.1289134735 -0.1289134735
-0.04156883091 -0.04156883091
-0.2055381207 -0.2055381207
2.644697353e-30 2.644697353e-30
-3.936545735e-33 -3.936545735e-33
-0.0003402068808 -0.0003402068808
-0.08367313925 -0.08367313925
-0.03834014382 -0.03834014382
-0.1598737075 -0.1598737075
0.4557889622 0.4557889622
-0.01672481906 -0.01672481906
1 1
2.633541765e-30 2.633541765e-30
1 1
3.97550919e-18 3.97550919e-18
1 1
2.630642234e-30 2.630642234e-30
0.03763866786 0.03763866786
-0.1619525539 -0.1619525539
1 1
2.634985276e-30 2.634985276e-30
0.8026600371 0.8026600371
-0.001595776819 -0.001595776819
0.6170635525 0.6170635525
-0.009307048987 -0.009307048987
0.4416937855 0.4416937855
-0.0262960013 -0.0262960013
0.2706601092 0.2706601092
-0.07024253228 -0.07024253228
-0.04286100399 -0.04286100399
-0.2283587859 -0.2283587859
-0.07936158172 -0.07936158172
-0.2623462635 -0.2623462635
-0.07978168877 -0.07978168877
-0.2645801606 -0.2645801606
-0.03998310752 -0.03998310752
-0.2232619086 -0.2232619086
0.1326333903 0.1326333903
-0.1079300316 -0.1079300316
-0.009084620499 -0.009084620499
-0.2141672734 -0.2141672734
2.638882983e-30 2.638882983e-30
0 0
-0.009994882966 -0.009994882966
-0.09686436985 -0.09686436985
-0.01958411679 -0.01958411679
-0.199505493 -0.199505493
0.09185734193 0.09185734193
-0.1686950611 -0.1686950611
0.4324021353 0.4324021353
-0.02211567448 -0.02211567448
1 1
2.635117473e-30 2.635117473e-30
0.8067579964 0.8067579964
0.004499295158 0.004499295158
0.6141038582 0.6141038582
-0.0124278504 -0.0124278504
0.3471920428 0.3471920428
-0.07507979072 -0.07507979072
-0.06171186828 -0.06171186828
-0.2560779957 -0.2560779957
-0.06828605389 -0.06828605389
-0.2697031219 -0.2697031219
-0.0260787604 -0.0260787604
-0.2571890047 -0.2571890047
0.1651279127 0.1651279127
-0.14551289 -0.14551289
0.04799118544 0.04799118544
-0.1933861073 -0.1933861073
2.653920817e-30 2.653920817e-30
-3.672822577e-17 -3.672822577e-17
-0.00429365666 -0.00429365666
-0.1268667555 -0.1268667555
-0.04786958597 -0.04786958597
-0.2260668189 -0.2260668189
0.5675659818 0.5675659818
-0.033608802 -0.033608802
1 1
7.261958207e-18 7.261958207e-18
1 1
2.643984063e-30 2.643984063e-30
0.7816745159 0.7816745159
0.0001026697715 0.0001026697715
0.5496566749 0.5496566749
-0.03766401595 -0.03766401595
0.3386611968 0.3386611968
-0.1112552059 -0.1112552059
-0.06239326445 -0.06239326445
-0.2714869413 -0.2714869413
-0.04019570582 -0.04019570582
-0.2844469411 -0.2844469411
0.003349931178 0.003349931178
-0.2348362358 -0.2348362358
0.1448095101 0.1448095101
-0.1842482475 -0.1842482475
2.647304153e-30 2.647304153e-30
-3.432052382e-32 -3.432052382e-32
-0.00606953803 -0.00606953803
-0.1525433389 -0.1525433389
-0.04221899686 -0.04221899686
-0.2692216412 -0.2692216412
1 1
8.579293082e-19 8.579293082e-19
0.7267088247 0.7267088247
-0.02133798772 -0.02133798772
0.1818167054 0.1818167054
-0.1211726551 -0.1211726551
0.4298317281 0.4298317281
-0.07087625213 -0.07087625213
-0.04144655211 -0.04144655211
-0.2840987808 -0.2840987808
0.04990092547 0.04990092547
-0.1976284621 -0.1976284621
2.668744659e-30 2.668744659e-30
-1.063814816e-32 -1.063814816e-32
-0.03305591519 -0.03305591519
-0.2605900413 -0.2605900413
-0.02182264724 -0.02182264724
-0.2020650828 -0.2020650828
1 1
9.830892727e-19 9.830892727e-19
0.7063452369 0.7063452369
0.009237055279 0.009237055279
0.1271970011 0.1271970011
-0.1817924298 -0.1817924298
0.3922777739 0.3922777739
-0.04506656098 -0.04506656098
-0.001702834823 -0.001702834823
-0.321898018 -0.321898018
2.669625824e-30 2.669625824e-30
-3.667613459e-32 -3.667613459e-32
0.006747343384 0.006747343384
-0.2157380478 -0.2157380478
0.2603373146 0.2603373146
-0.1516701274 -0.1516701274
1 1
2.650002512e-30 2.650002512e-30
0.09832214881 0.09832214881
-0.1924195338 -0.1924195338
1 1
-1.043447478e-18 -1.043447478e-18
0.555841774 0.555841774
-0.04316461037 -0.04316461037
0.1077636206 0.1077636206
-0.2256030297 -0.2256030297
0.003127139246 0.003127139246
-0.2364377532 -0.2364377532
2.694006515e-30 2.694006515e-30
-2.589775746e-32 -2.589775746e-32
1 1
2.684632688e-30 2.684632688e-30
0.008441033244 0.008441033244
-0.1757447809 -0.1757447809
0.4292995113 0.4292995113
-0.04798309409 -0.04798309409
2.733120134e-30 2.733120134e-30
-7.81589505e-32 -7.81589505e-32
1 1
2.769160303e-30 2.769160303e-30
2.877440493e-30 2.877440493e-30
7.884791717e-31 7.884791717e-31
1 1
5.890236169e-31 5.890236169e-31
